1.000000
0.995000
0.990025
0.985075
0.980150
0.975249
0.970373
0.965521
0.960693
0.955890
0.951110
0.946355
0.941623
0.936915
0.932230
0.927569
0.922931
0.918316
0.913725
0.909156
0.904610
0.900087
0.895587
0.891109
0.886654
0.882220
0.877809
0.873420
0.869053
0.864708
0.860384
0.856082
0.851802
0.847543
0.843305
0.839089
0.834893
0.830719
0.826565
0.822432
0.818320
0.814229
0.810157
0.806107
0.802076
0.798066
0.794075
0.790105
0.786154
0.782224
0.778313
0.774421
0.770549
0.766696
0.762863
0.759048
0.755253
0.751477
0.747719
0.743981
0.740261
0.736560
0.732877
0.729212
0.725566
0.721939
0.718329
0.714737
0.711164
0.707608
0.704070
0.700549
0.697047
0.693561
0.690094
0.686643
0.683210
0.679794
0.676395
0.673013
0.669648
0.666300
0.662968
0.659653
0.656355
0.653073
0.649808
0.646559
0.643326
0.640109
0.636909
0.633724
0.630556
0.627403
0.624266
0.621145
0.618039
0.614949
0.611874
0.608815
0.605770
0.602742
0.599728
0.596729
0.593746
0.590777
0.587823
0.584884
0.581959
0.579050
0.576154
0.573274
0.570407
0.567555
0.564717
0.561894
0.559084
0.556289
0.553508
0.550740
0.547986
0.545246
0.542520
0.539808
0.537108
0.534423
0.531751
0.529092
0.526447
0.523814
0.521195
0.518589
0.515996
0.513416
0.510849
0.508295
0.505754
0.503225
0.500709
0.498205
0.495714
0.493236
0.490769
0.488316
0.485874
0.483445
0.481027
0.478622
0.476229
0.473848
0.471479
0.469121
0.466776
0.464442
0.462120
0.459809
0.457510
0.455222
0.452946
0.450682
0.448428
0.446186
0.443955
0.441735
0.439527
0.437329
0.435142
0.432967
0.430802
0.428648
0.426505
0.424372
0.422250
0.420139
0.418038
0.415948
0.413868
0.411799
0.409740
0.407691
0.405653
0.403625
0.401606
0.399598
0.397600
0.395612
0.393634
0.391666
0.389708
0.387759
0.385821
0.383891
0.381972
0.380062
0.378162
0.376271
0.374390
0.372518
0.370655
0.368802
0.366958
0.365123
0.363297
0.361481
0.359674
0.357875
0.356086
0.354305
0.352534
0.350771
0.349017
0.347272
0.345536
0.343808
0.342089
0.340379
0.338677
0.336983
0.335298
0.333622
0.331954
0.330294
0.328643
0.326999
0.325364
0.323738
0.322119
0.320508
0.318906
0.317311
0.315725
0.314146
0.312575
0.311012
0.309457
0.307910
0.306371
0.304839
0.303315
0.301798
0.300289
0.298788
0.297294
0.295807
0.294328
0.292856
0.291392
0.289935
0.288486
0.287043
0.285608
0.284180
0.282759
0.281345
0.279938
0.278539
0.277146
0.275760
0.274382
0.273010
0.271645
0.270286
0.268935
0.267590
0.266252
0.264921
0.263596
0.262278
0.260967
0.259662
0.258364
0.257072
0.255787
0.254508
0.253235
0.251969
0.250709
0.249456
0.248208
0.246967
0.245733
0.244504
0.243281
0.242065
0.240855
0.239650
0.238452
0.237260
0.236074
0.234893
0.233719
0.232550
0.231387
0.230230
0.229079
0.227934
0.226794
0.225660
0.224532
0.223409
0.222292
0.221181
0.220075
0.218974
0.217880
0.216790
0.215706
0.214628
0.213555
0.212487
0.211424
0.210367
0.209315
0.208269
0.207227
0.206191
0.205160
0.204135
0.203114
0.202098
0.201088
0.200082
0.199082
0.198087
0.197096
0.196111
0.195130
0.194154
0.193184
0.192218
0.191257
0.190300
0.189349
0.188402
0.187460
0.186523
0.185590
0.184662
0.183739
0.182820
0.181906
0.180997
0.180092
0.179191
0.178295
0.177404
0.176517
0.175634
0.174756
0.173882
0.173013
0.172148
0.171287
0.170431
0.169578
0.168731
0.167887
0.167047
0.166212
0.165381
0.164554
0.163731
0.162913
0.162098
0.161288
0.160481
0.159679
0.158881
0.158086
0.157296
0.156509
0.155727
0.154948
0.154173
0.153402
0.152635
0.151872
0.151113
0.150357
0.149606
0.148857
0.148113
0.147373
0.146636
0.145903
0.145173
0.144447
0.143725
0.143006
0.142291
0.141580
0.140872
0.140168
0.139467
0.138769
0.138076
0.137385
0.136698
0.136015
0.135335
0.134658
0.133985
0.133315
0.132648
0.131985
0.131325
0.130668
0.130015
0.129365
0.128718
0.128075
0.127434
0.126797
0.126163
0.125532
0.124905
0.124280
0.123659
0.123040
0.122425
0.121813
0.121204
0.120598
0.119995
0.119395
0.118798
0.118204
0.117613
0.117025
0.116440
0.115858
0.115278
0.114702
0.114128
0.113558
0.112990
0.112425
0.111863
0.111304
0.110747
0.110193
0.109642
0.109094
0.108549
0.108006
0.107466
0.106929
0.106394
0.105862
0.105333
0.104806
0.104282
0.103761
0.103242
0.102726
0.102212
0.101701
0.101192
0.100686
0.100183
0.099682
0.099184
0.098688
0.098194
0.097703
0.097215
0.096729
0.096245
0.095764
0.095285
0.094809
0.094335
0.093863
0.093394
0.092927
0.092462
0.092000
0.091540
0.091082
0.090627
0.090173
0.089723
0.089274
0.088828
0.088383
0.087942
0.087502
0.087064
0.086629
0.086196
0.085765
0.085336
0.084909
0.084485
0.084062
0.083642
0.083224
0.082808
0.082394
0.081982
0.081572
0.081164
0.080758
0.080354
0.079953
0.079553
0.079155
0.078759
0.078366
0.077974
0.077584
0.077196
0.076810
0.076426
0.076044
0.075664
0.075285
0.074909
0.074534
0.074162
0.073791
0.073422
0.073055
0.072689
0.072326
0.071964
0.071605
0.071247
0.070890
0.070536
0.070183
0.069832
0.069483
0.069136
0.068790
0.068446
0.068104
0.067763
0.067424
0.067087
0.066752
0.066418
0.066086
0.065756
0.065427
0.065100
0.064774
0.064450
0.064128
0.063807
0.063488
0.063171
0.062855
0.062541
0.062228
0.061917
0.061607
0.061299
0.060993
0.060688
0.060384
0.060083
0.059782
0.059483
0.059186
0.058890
0.058595
0.058302
0.058011
0.057721
0.057432
0.057145
0.056859
0.056575
0.056292
0.056011
0.055731
0.055452
0.055175
0.054899
0.054624
0.054351
0.054080
0.053809
0.053540
0.053272
0.053006
0.052741
0.052477
0.052215
0.051954
0.051694
0.051436
0.051178
0.050923
0.050668
0.050415
0.050163
0.049912
0.049662
0.049414
0.049167
0.048921
0.048676
0.048433
0.048191
0.047950
0.047710
0.047472
0.047234
0.046998
0.046763
0.046529
0.046297
0.046065
0.045835
0.045606
0.045378
0.045151
0.044925
0.044700
0.044477
0.044254
0.044033
0.043813
0.043594
0.043376
0.043159
0.042943
0.042729
0.042515
0.042302
0.042091
0.041880
0.041671
0.041463
0.041255
0.041049
0.040844
0.040640
0.040436
0.040234
0.040033
0.039833
0.039634
0.039435
0.039238
0.039042
0.038847
0.038653
0.038459
0.038267
0.038076
0.037885
0.037696
0.037507
0.037320
0.037133
0.036948
0.036763
0.036579
0.036396
0.036214
0.036033
0.035853
0.035674
0.035495
0.035318
0.035141
0.034966
0.034791
0.034617
0.034444
0.034272
0.034100
0.033930
0.033760
0.033591
0.033423
0.033256
0.033090
0.032924
0.032760
0.032596
0.032433
0.032271
0.032109
0.031949
0.031789
0.031630
0.031472
0.031315
0.031158
0.031002
0.030847
0.030693
0.030540
0.030387
0.030235
0.030084
0.029933
0.029784
0.029635
0.029487
0.029339
0.029193
0.029047
0.028901
0.028757
0.028613
0.028470
0.028328
0.028186
0.028045
0.027905
0.027765
0.027626
0.027488
0.027351
0.027214
0.027078
0.026943
0.026808
0.026674
0.026541
0.026408
0.026276
0.026144
0.026014
0.025884
0.025754
0.025625
0.025497
0.025370
0.025243
0.025117
0.024991
0.024866
0.024742
0.024618
0.024495
0.024373
0.024251
0.024130
0.024009
0.023889
0.023769
0.023651
0.023532
0.023415
0.023298
0.023181
0.023065
0.022950
0.022835
0.022721
0.022607
0.022494
0.022382
0.022270
0.022159
0.022048
0.021938
0.021828
0.021719
0.021610
0.021502
0.021395
0.021288
0.021181
0.021075
0.020970
0.020865
0.020761
0.020657
0.020554
0.020451
0.020349
0.020247
0.020146
0.020045
0.019945
0.019845
0.019746
0.019647
0.019549
0.019451
0.019354
0.019257
0.019161
0.019065
0.018970
0.018875
0.018780
0.018686
0.018593
0.018500
0.018408
0.018315
0.018224
0.018133
0.018042
0.017952
0.017862
0.017773
0.017684
0.017596
0.017508
0.017420
0.017333
0.017246
0.017160
0.017074
0.016989
0.016904
0.016819
0.016735
0.016652
0.016568
0.016486
0.016403
0.016321
0.016239
0.016158
0.016078
0.015997
0.015917
0.015838
0.015758
0.015680
0.015601
0.015523
0.015446
0.015368
0.015291
0.015215
0.015139
0.015063
0.014988
0.014913
0.014838
0.014764
0.014690
0.014617
0.014544
0.014471
0.014399
0.014327
0.014255
0.014184
0.014113
0.014042
0.013972
0.013902
0.013833
0.013764
0.013695
0.013626
0.013558
0.013490
0.013423
0.013356
0.013289
0.013223
0.013157
0.013091
0.013025
0.012960
0.012895
0.012831
0.012767
0.012703
0.012639
0.012576
0.012513
0.012451
0.012389
0.012327
0.012265
0.012204
0.012143
0.012082
0.012021
0.011961
0.011902
0.011842
0.011783
0.011724
0.011665
0.011607
0.011549
0.011491
0.011434
0.011377
0.011320
0.011263
0.011207
0.011151
0.011095
0.011040
0.010984
0.010929
0.010875
0.010820
0.010766
0.010712
0.010659
0.010606
0.010553
0.010500
0.010447
0.010395
0.010343
0.010291
0.010240
0.010189
0.010138
0.010087
0.010037
0.009986
0.009937
0.009887
0.009837
0.009788
0.009739
0.009691
0.009642
0.009594
0.009546
0.009498
0.009451
0.009403
0.009356
0.009310
0.009263
0.009217
0.009171
0.009125
0.009079
0.009034
0.008989
0.008944
0.008899
0.008855
0.008810
0.008766
0.008722
0.008679
0.008635
0.008592
0.008549
0.008506
0.008464
0.008422
0.008380
0.008338
0.008296
0.008254
0.008213
0.008172
0.008131
0.008091
0.008050
0.008010
0.007970
0.007930
0.007890
0.007851
0.007812
0.007773
0.007734
0.007695
0.007657
0.007618
0.007580
0.007542
0.007505
0.007467
0.007430
0.007393
0.007356
0.007319
0.007282
0.007246
0.007210
0.007174
0.007138
0.007102
0.007066
0.007031
0.006996
0.006961
0.006926
0.006892
0.006857
0.006823
0.006789
0.006755
0.006721
0.006687
0.006654
0.006621
0.006588
0.006555
0.006522
0.006489
0.006457
0.006425
0.006392
0.006360
0.006329
0.006297
0.006266
0.006234
0.006203
0.006172
0.006141
0.006110
0.006080
0.006049
0.006019
0.005989
0.005959
0.005929
0.005900
0.005870
0.005841
0.005812
0.005783
0.005754
0.005725
0.005696
0.005668
0.005640
0.005611
0.005583
0.005555
0.005528
0.005500
0.005472
0.005445
0.005418
0.005391
0.005364
0.005337
0.005310
0.005284
0.005257
0.005231
0.005205
0.005179
0.005153
0.005127
0.005102
0.005076
0.005051
0.005025
0.005000
0.004975
0.004950
0.004926
0.004901
0.004877
0.004852
0.004828
0.004804
0.004780
0.004756
0.004732
0.004708
0.004685
0.004661
0.004638
0.004615
0.004592
0.004569
0.004546
0.004523
0.004501
0.004478
0.004456
0.004434
0.004411
0.004389
0.004367
0.004346
0.004324
0.004302
0.004281
0.004259
0.004238
0.004217
0.004196
0.004175
0.004154
0.004133
0.004112
0.004092
0.004071
0.004051
0.004031
0.004011
0.003991
0.003971
0.003951
0.003931
0.003911
0.003892
0.003872
0.003853
0.003834
0.003815
0.003795
0.003776
0.003758
0.003739
0.003720
0.003702
0.003683
0.003665
0.003646
0.003628
0.003610
0.003592
0.003574
0.003556
0.003538
0.003521
0.003503
0.003485
0.003468
0.003451
0.003433
0.003416
0.003399
0.003382
0.003365
0.003348
0.003332
0.003315
0.003298
0.003282
0.003266
0.003249
0.003233
0.003217
0.003201
0.003185
0.003169
0.003153
0.003137
0.003122
0.003106
0.003090
0.003075
0.003060
0.003044
0.003029
0.003014
0.002999
0.002984
0.002969
0.002954
0.002939
0.002925
0.002910
0.002895
0.002881
0.002867
0.002852
0.002838
0.002824
0.002810
0.002796
0.002782
0.002768
0.002754
0.002740
0.002726
0.002713
0.002699
0.002686
0.002672
0.002659
0.002646
0.002632
0.002619
0.002606
0.002593
0.002580
0.002567
0.002554
0.002542
0.002529
0.002516
0.002504
0.002491
0.002479
0.002466
0.002454
0.002442
0.002430
0.002417
0.002405
0.002393
0.002381
0.002369
0.002358
0.002346
0.002334
0.002322
0.002311
0.002299
0.002288
0.002276
0.002265
0.002254
0.002242
0.002231
0.002220
0.002209
0.002198
0.002187
0.002176
0.002165
0.002154
0.002143
0.002133
0.002122
0.002111
0.002101
0.002090
0.002080
0.002069
0.002059
0.002049
0.002039
0.002028
0.002018
0.002008
0.001998
0.001988
0.001978
0.001968
0.001958
0.001949
0.001939
0.001929
0.001920
0.001910
0.001900
0.001891
0.001881
0.001872
0.001863
0.001853
0.001844
0.001835
0.001826
0.001817
0.001808
0.001798
0.001789
0.001781
0.001772
0.001763
0.001754
0.001745
0.001736
0.001728
0.001719
0.001711
0.001702
0.001693
0.001685
0.001677
0.001668
0.001660
0.001652
0.001643
0.001635
0.001627
0.001619
0.001611
0.001603
0.001595
0.001587
0.001579
0.001571
0.001563
0.001555
0.001547
0.001540
0.001532
0.001524
0.001517
0.001509
0.001502
0.001494
0.001487
0.001479
0.001472
0.001464
0.001457
0.001450
0.001443
0.001435
0.001428
0.001421
0.001414
0.001407
0.001400
0.001393
0.001386
0.001379
0.001372
0.001365
0.001358
0.001352
0.001345
0.001338
0.001331
0.001325
0.001318
0.001311
0.001305
0.001298
0.001292
0.001285
0.001279
0.001273
0.001266
0.001260
0.001254
0.001247
0.001241
0.001235
0.001229
0.001223
0.001216
0.001210
0.001204
0.001198
0.001192
0.001186
0.001180
0.001175
0.001169
0.001163
0.001157
0.001151
0.001145
0.001140
0.001134
0.001128
0.001123
0.001117
0.001112
0.001106
0.001100
0.001095
0.001089
0.001084
0.001079
0.001073
0.001068
0.001062
0.001057
0.001052
0.001047
0.001041
0.001036
0.001031
0.001026
0.001021
0.001016
0.001011
0.001006
0.001000
0.000995
0.000990
0.000986
0.000981
0.000976
0.000971
0.000966
0.000961
0.000956
0.000952
0.000947
0.000942
0.000937
0.000933
0.000928
0.000923
0.000919
0.000914
0.000910
0.000905
0.000901
0.000896
0.000892
0.000887
0.000883
0.000878
0.000874
0.000869
0.000865
0.000861
0.000856
0.000852
0.000848
0.000844
0.000839
0.000835
0.000831
0.000827
0.000823
0.000819
0.000815
0.000811
0.000806
0.000802
0.000798
0.000794
0.000790
0.000787
0.000783
0.000779
0.000775
0.000771
0.000767
0.000763
0.000759
0.000756
0.000752
0.000748
0.000744
0.000741
0.000737
0.000733
0.000730
0.000726
0.000722
0.000719
0.000715
0.000711
0.000708
0.000704
0.000701
0.000697
0.000694
0.000690
0.000687
0.000684
0.000680
0.000677
0.000673
0.000670
0.000667
0.000663
0.000660
0.000657
0.000653
0.000650
0.000647
0.000644
0.000640
0.000637
0.000634
0.000631
0.000628
0.000625
0.000621
0.000618
0.000615
0.000612
0.000609
0.000606
0.000603
0.000600
0.000597
0.000594
0.000591
0.000588
0.000585
0.000582
0.000579
