305.200000
316.800000
240.450000
292.920000
308.380000
341.100000
371.350000
267.200000
356.950000
351.380000
284.400000
319.720000
216.680000
218.930000
244.800000
302.020000
272.380000
271.230000
262.550000
275.530000
252.600000
268.250000
247.430000
235.680000
316.730000
253.880000
255.550000
300.530000
315.200000
281.930000
248.350000
249.600000
259.200000
286.150000
295.920000
288.580000
268.900000
209.270000
227.450000
244.430000
300.750000
272.180000
251.800000
242.350000
238.580000
243.700000
298.730000
285.100000
293.150000
289.670000
257.680000
246.620000
279.000000
233.600000
275.580000
258.780000
266.030000
250.180000
230.170000
265.630000
252.150000
233.950000
322.920000
264.650000
250.670000
245.000000
244.880000
252.670000
219.300000
239.850000
241.350000
291.970000
256.780000
247.420000
288.430000
221.620000
286.800000
267.430000
279.670000
318.750000
216.380000
233.670000
267.920000
314.920000
277.120000
275.120000
298.650000
323.280000
229.100000
211.880000
208.900000
209.250000
209.000000
210.970000
207.580000
211.180000
208.120000
303.170000
218.500000
203.700000
211.800000
209.950000
216.100000
202.100000
255.800000
279.530000
283.380000
261.530000
256.250000
287.730000
240.350000
241.670000
246.670000
237.150000
257.050000
271.050000
252.080000
232.300000
271.030000
247.700000
239.780000
239.780000
241.050000
249.920000
243.970000
283.620000
271.480000
275.570000
268.800000
265.900000
250.400000
250.780000
248.400000
252.230000
246.780000
246.700000
255.120000
256.230000
244.880000
263.220000
257.220000
268.120000
252.450000
268.880000
294.800000
222.120000
225.830000
216.850000
242.750000
216.420000
216.470000
222.070000
221.320000
218.820000
220.620000
220.300000
217.380000
220.320000
219.220000
216.750000
218.700000
212.680000
209.580000
210.450000
218.530000
230.900000
211.920000
218.720000
220.620000
256.380000
217.780000
217.670000
215.830000
221.350000
219.830000
209.880000
216.680000
219.000000
217.720000
219.100000
215.550000
220.270000
223.120000
218.300000
221.000000
230.000000
218.620000
220.800000
220.250000
227.950000
219.250000
221.600000
220.070000
257.120000
229.350000
218.080000
207.320000
216.330000
208.880000
209.500000
206.580000
205.070000
212.680000
222.430000
223.750000
215.900000
219.400000
255.600000
205.300000
208.030000
207.100000
194.330000
214.200000
205.550000
216.150000
207.150000
214.830000
204.920000
215.420000
208.320000
195.600000
194.700000
198.250000
203.670000
206.620000
210.930000
200.450000
262.300000
222.800000
227.650000
248.170000
209.780000
211.300000
205.620000
211.950000
210.200000
220.800000
211.800000
210.820000
222.250000
211.880000
208.850000
207.500000
214.600000
203.400000
204.720000
203.930000
201.180000
