-239.110000
-221.220000
-258.230000
-218.230000
-247.210000
-297.220000
-304.220000
-221.220000
-236.220000
-259.220000
-178.240000
-225.240000
-231.240000
-260.220000
-213.230000
-277.230000
-267.220000
-281.220000
-215.200000
-264.200000
-240.210000
-270.210000
-258.200000
-230.020000
-255.200000
-243.200000
-202.020000
-238.220000
-229.230000
-245.210000
-229.220000
-293.210000
-292.220000
-310.220000
-193.230000
-265.210000
-256.230000
-260.230000
-283.040000
-305.230000
-234.220000
-284.230000
-227.030000
-222.220000
-257.220000
-228.230000
-249.210000
-177.220000
-273.040000
-190.030000
-244.240000
-259.230000
-190.230000
-221.040000
-285.230000
-220.240000
-256.230000
-203.240000
-252.240000
-204.240000
-222.040000
-263.230000
-236.240000
-250.240000
-229.050000
-171.240000
-221.230000
-213.240000
-220.240000
-261.240000
-230.240000
-194.040000
-213.240000
-224.040000
-201.240000
-271.240000
-260.040000
-229.240000
-193.050000
-236.060000
-175.230000
-188.240000
-255.240000
-244.840000
-246.240000
-221.240000
-191.050000
-183.240000
-235.040000
-226.030000
-194.040000
-244.250000
-266.250000
-200.240000
-265.040000
-266.240000
-192.250000
-256.050000
-225.240000
-207.240000
-234.240000
-229.250000
-184.840000
-212.240000
-193.040000
-267.240000
-216.250000
-194.040000
-256.250000
-223.230000
-247.250000
-226.040000
-180.050000
-223.050000
-257.240000
-221.040000
-228.250000
-228.040000
-217.240000
-180.050000
-232.240000
-192.040000
-180.250000
-194.040000
-193.250000
-193.050000
-188.240000
-257.040000
-179.040000
-254.240000
-192.050000
-295.250000
-194.240000
-193.840000
-198.260000
-194.240000
-193.240000
-178.050000
-220.250000
-255.060000
-175.250000
-225.250000
-266.250000
-175.250000
-245.250000
-244.040000
-289.250000
-226.250000
-170.250000
-273.240000
-241.250000
-195.240000
-196.250000
-205.240000
-233.240000
-221.250000
-275.260000
-221.050000
-236.250000
-225.250000
-193.250000
-194.860000
-232.050000
-221.240000
-192.060000
-273.260000
-227.050000
-193.060000
-194.250000
-194.060000
-205.060000
-188.250000
-255.060000
-237.250000
-222.260000
-196.060000
-182.250000
-192.250000
-232.250000
-232.260000
-181.060000
-244.260000
-224.250000
-195.260000
-193.250000
-192.050000
-192.250000
-230.250000
-170.250000
-243.860000
-170.060000
-228.250000
-181.250000
-203.250000
-221.250000
-245.050000
-230.250000
-228.260000
-195.260000
-193.260000
-192.860000
-197.050000
-246.060000
-193.060000
-193.260000
-194.060000
-196.260000
-192.250000
-203.250000
-263.260000
-188.260000
-228.260000
-199.250000
-198.260000
-191.260000
-267.260000
-171.060000
-225.260000
-185.260000
-171.260000
-286.260000
-171.260000
-171.260000
-206.250000
-202.260000
-171.260000
-195.060000
-171.250000
-171.060000
-171.260000
-185.060000
-178.260000
-244.260000
-189.850000
-208.060000
-243.260000
-204.260000
-172.250000
-174.250000
-184.060000
-195.050000
-246.260000
-254.260000
-196.260000
-170.250000
-246.060000
-216.250000
-220.250000
-171.250000
-171.060000
-246.060000
-177.250000
-185.260000
-177.260000
-234.260000
-185.060000
-177.260000
-194.260000
-194.260000
-181.060000
-200.260000
-171.070000
-171.260000
-179.250000
-189.250000
-171.260000
-170.260000
-220.060000
-176.260000
-171.260000
-265.260000
-203.260000
-194.250000
-246.260000
-172.270000
-206.260000
-171.060000
-171.260000
-172.270000
-177.260000
-171.070000
-171.260000
-171.260000
-172.260000
-171.260000
-196.250000
-175.260000
-171.050000
-185.070000
-171.260000
-171.060000
-172.270000
-172.260000
-195.270000
-196.260000
-194.270000
-195.050000
-194.040000
-194.220000
-194.210000
-193.210000
-193.210000
-193.210000
-215.200000
-245.010000
-244.220000
-224.220000
-171.220000
-190.200000
-176.210000
-171.220000
-172.230000
-174.240000
-221.200000
-227.200000
-171.210000
-205.210000
-170.210000
-228.210000
-170.220000
-171.210000
-170.220000
-246.200000
-171.220000
-170.220000
-189.210000
-182.220000
-177.010000
-194.200000
-177.210000
-177.210000
-194.200000
-194.020000
-177.230000
-176.040000
-177.020000
-183.220000
-177.230000
-176.220000
-176.020000
-234.220000
-170.220000
-173.840000
-170.230000
-171.230000
-170.220000
-170.230000
-244.020000
-170.230000
-170.230000
-170.240000
-170.230000
-258.230000
-221.230000
-193.230000
-216.030000
-194.240000
-175.230000
-192.220000
-228.230000
-205.240000
-206.240000
-170.230000
-170.240000
-214.020000
-170.220000
-171.240000
-170.040000
-205.240000
-171.230000
-170.230000
-228.240000
-170.040000
-173.240000
-170.030000
-170.230000
-171.240000
-170.040000
-226.240000
-170.240000
-170.230000
-170.230000
-188.040000
-171.240000
-170.240000
-170.240000
-174.240000
-171.240000
-170.240000
-171.240000
-170.040000
-170.040000
-176.240000
-262.240000
-169.840000
-171.240000
-179.840000
-171.240000
-170.240000
-188.240000
-174.240000
-205.240000
-170.240000
-171.240000
-171.240000
-192.240000
-193.240000
-177.250000
-195.240000
-193.240000
-216.240000
-277.240000
-170.240000
-170.240000
-169.840000
-256.240000
-189.240000
-192.250000
-192.040000
-206.050000
-246.040000
-192.240000
-191.240000
-192.240000
-193.240000
-193.240000
-216.240000
-193.850000
-193.240000
-244.040000
-195.040000
-191.240000
-223.260000
-170.240000
-243.040000
-246.250000
-170.040000
-170.040000
-174.240000
-170.040000
-172.250000
-171.250000
-171.250000
-170.240000
-174.250000
-171.040000
-170.040000
-171.060000
-170.850000
-203.850000
-170.050000
-170.040000
-170.240000
-204.060000
-171.240000
-171.240000
-170.060000
-170.850000
-170.250000
-258.250000
-171.050000
-170.050000
-171.250000
-172.240000
-170.250000
-184.060000
-171.060000
-228.050000
-171.050000
-170.260000
-171.060000
-169.850000
-173.850000
-171.240000
-170.050000
-171.040000
-170.260000
-170.050000
-246.260000
-180.850000
-170.050000
-170.240000
-170.860000
-170.060000
-170.260000
-170.250000
-171.250000
-176.050000
-171.050000
-170.060000
-170.250000
-171.250000
-173.060000
-170.050000
-170.050000
-170.250000
-176.060000
-208.050000
-177.050000
-193.060000
-193.060000
-193.050000
-193.060000
-193.650000
-191.060000
-192.060000
-193.260000
-193.260000
-246.250000
-194.060000
-213.260000
-171.060000
-171.060000
-170.060000
-194.260000
-192.260000
-194.260000
-192.250000
-192.860000
-218.050000
-170.050000
-174.060000
-171.250000
-173.260000
-171.060000
-170.060000
-173.870000
-177.050000
-175.250000
-171.060000
-170.250000
-170.250000
-170.860000
-170.250000
-170.260000
-170.250000
-171.250000
-170.050000
-170.250000
-170.250000
-170.250000
-170.060000
-172.060000
-171.250000
-170.260000
-170.250000
-172.250000
-170.860000
-171.060000
-171.060000
-170.250000
-176.050000
-170.050000
-170.250000
-170.260000
-171.260000
-172.050000
-171.060000
-178.060000
-171.050000
-169.860000
-171.050000
-170.260000
-170.060000
-171.060000
-170.250000
-170.260000
-176.250000
-170.060000
-171.060000
-170.060000
-171.250000
-170.060000
-170.250000
-172.060000
-170.050000
-170.260000
-171.260000
-172.060000
-170.060000
-170.050000
-171.250000
-170.250000
-170.250000
-171.250000
-170.250000
-171.250000
-170.060000
-170.060000
-171.260000
-191.250000
-193.060000
-194.060000
-192.860000
-203.260000
-175.260000
-171.250000
-170.060000
-170.250000
-170.060000
-171.060000
-171.250000
-170.860000
-170.260000
-171.060000
-170.060000
-171.050000
-171.060000
-178.060000
-170.060000
-177.070000
-170.050000
-170.060000
-170.060000
-171.060000
-174.270000
-169.860000
-171.060000
-171.060000
-174.860000
-171.260000
-171.060000
-173.060000
-175.260000
-170.260000
-170.060000
-170.060000
-170.250000
-171.060000
-170.060000
-170.060000
-171.060000
-170.260000
-229.260000
-171.260000
-170.060000
-170.060000
-169.850000
-170.260000
-170.060000
-170.070000
-170.060000
-169.860000
-170.060000
-171.260000
-170.060000
-171.860000
-170.260000
-189.260000
-185.260000
-170.850000
-171.060000
-170.060000
-169.870000
-176.860000
-173.670000
-171.260000
-170.060000
-171.250000
-170.260000
-170.070000
-170.860000
-170.070000
-171.250000
-170.260000
-171.070000
-170.060000
-170.060000
-170.070000
-170.260000
-170.860000
-170.260000
-171.070000
-172.060000
-170.060000
-170.250000
-170.870000
-171.070000
-170.060000
-171.060000
-170.260000
-169.870000
-171.290000
-169.870000
-172.060000
-171.060000
-169.680000
-170.260000
-172.060000
-171.260000
-169.870000
-177.260000
-169.670000
-203.260000
-170.270000
-171.260000
-170.060000
-171.260000
-203.060000
-170.060000
-170.260000
-171.260000
-170.070000
-171.260000
-171.270000
-171.260000
-170.070000
-170.880000
-171.060000
-170.260000
-170.070000
-171.260000
-170.080000
-170.290000
-190.050000
-170.220000
-170.210000
-171.210000
-170.230000
-170.210000
-171.210000
-170.010000
-170.220000
-171.010000
-170.200000
-170.220000
-175.210000
-170.230000
-170.230000
-171.220000
-170.230000
-171.220000
-170.230000
-170.220000
-170.220000
-170.230000
-172.220000
-228.230000
-170.220000
-170.220000
-170.230000
-194.220000
-224.230000
-170.240000
-170.230000
-208.220000
-171.220000
-170.220000
-170.220000
-171.240000
-171.030000
-170.240000
-170.240000
-170.240000
-175.040000
-170.220000
-170.240000
-170.230000
-171.030000
-172.020000
-173.230000
-170.230000
-170.230000
-171.240000
-208.250000
-170.250000
-171.240000
-171.230000
-178.230000
-208.250000
-171.250000
-171.240000
-170.240000
-172.240000
-209.250000
-170.230000
-172.240000
-171.240000
-171.240000
-171.240000
-170.250000
-174.240000
-171.240000
-170.240000
-171.040000
-170.240000
-170.240000
-173.250000
-171.240000
-170.040000
-170.240000
-171.250000
-171.240000
-171.240000
-170.050000
-170.040000
-172.240000
-171.240000
-170.040000
-170.240000
-170.070000
-170.210000
-170.210000
-170.000000
-170.210000
-170.210000
-172.200000
-171.220000
-170.210000
-170.210000
-170.020000
-170.230000
-170.200000
-170.030000
-170.020000
-170.210000
-170.210000
-170.220000
-170.230000
-170.210000
-172.210000
-170.030000
-171.020000
-171.220000
-170.220000
-170.240000
-171.220000
-170.220000
-170.030000
-170.230000
-171.220000
-171.220000
-170.220000
-170.210000
-170.230000
-174.230000
-170.220000
-170.240000
-170.230000
-171.030000
-171.220000
-171.030000
-172.230000
-172.240000
-170.230000
-170.030000
-170.230000
-170.230000
-172.220000
-172.040000
-170.240000
-170.240000
-170.240000
-170.230000
-170.240000
-170.230000
-170.040000
-170.240000
-171.240000
-170.030000
-170.240000
-170.250000
-170.040000
-170.240000
-171.040000
-170.040000
-170.240000
-170.100000
-170.230000
-170.240000
-170.240000
-171.040000
-170.240000
-173.040000
-170.240000
-170.240000
-169.840000
-170.250000
-170.250000
-170.240000
-170.840000
-244.240000
-170.250000
-170.240000
-170.240000
-170.240000
-170.240000
-172.240000
-177.240000
-171.240000
-170.240000
-170.250000
-171.040000
-170.040000
-170.050000
-170.250000
-170.250000
-173.240000
-171.040000
-171.250000
-171.240000
-171.050000
-170.240000
-171.250000
-172.250000
-170.250000
-173.040000
-173.040000
-171.040000
-170.240000
-171.240000
-170.240000
-170.250000
-170.240000
-170.040000
-171.240000
-177.250000
-170.050000
-170.040000
-170.250000
-170.260000
-170.250000
-171.060000
-170.050000
-170.240000
-170.260000
-170.240000
-170.050000
-170.250000
-170.250000
-171.240000
-171.250000
-170.850000
-171.250000
-170.240000
-171.050000
-170.260000
-169.850000
-210.060000
-170.250000
-170.250000
-171.240000
-170.250000
-170.260000
-170.260000
-172.250000
-170.260000
-170.250000
-171.260000
-170.050000
-170.060000
-171.250000
-170.250000
-171.250000
-171.260000
-172.240000
-171.060000
-171.250000
-170.260000
-170.260000
-170.060000
-170.850000
-170.060000
-174.060000
-171.250000
-177.060000
-170.260000
-170.260000
-170.260000
-170.840000
-170.200000
-170.200000
-170.000000
-172.210000
-172.010000
-170.020000
-171.210000
-171.010000
-170.000000
-170.210000
-170.010000
-170.220000
-170.200000
-171.200000
-171.210000
-170.010000
-170.220000
-172.210000
-170.030000
-170.220000
-170.020000
-170.230000
-170.030000
-169.820000
-171.210000
-171.030000
-171.010000
-171.230000
-170.230000
-170.220000
