-250.010000
-262.210000
-246.210000
-254.200000
-249.200000
-276.200000
-190.200000
-278.820000
-269.200000
-260.810000
-267.210000
-252.210000
-268.200000
-291.210000
-225.200000
-248.200000
-264.200000
-245.210000
-239.220000
-307.210000
-229.210000
-326.210000
-268.200000
-283.200000
-219.230000
-198.030000
-211.210000
-229.210000
-279.210000
-288.240000
-286.220000
-272.200000
-263.220000
-220.220000
-268.210000
-268.030000
-256.220000
-249.030000
-222.230000
-242.220000
-240.020000
-296.210000
-244.210000
-251.230000
-248.210000
-201.230000
-215.240000
-309.020000
-239.220000
-219.230000
-248.220000
-299.220000
-245.230000
-295.230000
-258.210000
-244.030000
-217.210000
-217.230000
-259.250000
-312.230000
-233.240000
-270.240000
-257.240000
-228.230000
-195.250000
-257.240000
-178.040000
-252.240000
-292.230000
-256.240000
-205.220000
-234.240000
-181.240000
-237.230000
-221.240000
-271.240000
-208.040000
-213.850000
-240.040000
-197.040000
-202.240000
-207.030000
-237.250000
-238.230000
-232.230000
-243.840000
-226.240000
-171.040000
-232.240000
-254.250000
-238.240000
-177.240000
-193.240000
-192.240000
-199.060000
-244.040000
-205.040000
-244.240000
-170.240000
-206.040000
-240.250000
-243.240000
-232.240000
-224.240000
-243.240000
-192.050000
-226.250000
-245.240000
-275.040000
-245.240000
-216.240000
-245.040000
-179.240000
-177.240000
-193.050000
-178.240000
-226.240000
-189.240000
-172.240000
-255.050000
-222.240000
-241.250000
-239.240000
-232.250000
-195.240000
-178.240000
-227.240000
-204.240000
-224.040000
-191.240000
-244.240000
-196.050000
-221.040000
-217.040000
-207.240000
-208.050000
-260.250000
-171.050000
-246.250000
-171.250000
-203.050000
-169.840000
-196.240000
-199.060000
-224.250000
-254.250000
-219.250000
-192.240000
-194.850000
-164.260000
-243.240000
-219.050000
-235.240000
-244.250000
-245.060000
-178.050000
-204.240000
-193.240000
-244.250000
-205.250000
-193.250000
-205.250000
-245.250000
-196.240000
-189.240000
-206.250000
-197.250000
-196.250000
-215.240000
-243.260000
-215.250000
-195.240000
-233.060000
-225.260000
-225.250000
-196.040000
-205.260000
-199.240000
-193.250000
-172.050000
-190.050000
-254.250000
-194.050000
-220.260000
-197.250000
-219.050000
-281.250000
-190.060000
-198.250000
-260.050000
-238.250000
-216.250000
-174.040000
-204.060000
-197.050000
-198.250000
-172.060000
-198.250000
-217.850000
-196.250000
-190.250000
-243.250000
-192.050000
-196.250000
-176.060000
-200.260000
-196.250000
-207.050000
-205.250000
-229.050000
-214.250000
-178.260000
-212.260000
-196.050000
-197.060000
-196.250000
-258.060000
-222.250000
-197.250000
-177.250000
-244.060000
-192.260000
-195.850000
-225.250000
-175.860000
-188.250000
-283.250000
-196.250000
-194.260000
-220.050000
-197.250000
-196.860000
-244.260000
-197.250000
-195.060000
-193.660000
-196.060000
-195.260000
-251.250000
-225.260000
-197.050000
-226.250000
-196.250000
-178.250000
-195.050000
-196.260000
-176.250000
-195.250000
-196.050000
-196.050000
-231.060000
-195.250000
-203.050000
-203.250000
-203.050000
-204.250000
-205.250000
-204.250000
-202.250000
-195.250000
-203.260000
-204.060000
-241.250000
-204.060000
-203.060000
-203.260000
-194.250000
-206.050000
-193.250000
-224.060000
-195.860000
-228.060000
-191.050000
-198.060000
-196.060000
-184.260000
-197.250000
-178.250000
-192.060000
-195.250000
-197.250000
-245.260000
-193.060000
-206.260000
-236.060000
-223.250000
-177.260000
-197.250000
-196.050000
-206.060000
-198.250000
-170.660000
-197.250000
-197.250000
-204.860000
-203.060000
-227.060000
-196.250000
-196.860000
-195.860000
-199.860000
-197.250000
-205.250000
-192.060000
-232.060000
-225.250000
-200.060000
-197.260000
-197.250000
-195.060000
-242.060000
-197.260000
-194.860000
-245.260000
-197.250000
-196.260000
-195.060000
-220.250000
-186.060000
-197.060000
-195.050000
-197.260000
-188.860000
-197.050000
-191.260000
-243.260000
-197.860000
-196.250000
-196.250000
-195.260000
-195.060000
-185.260000
-243.060000
-224.250000
-198.070000
-224.060000
-196.250000
-197.260000
-198.250000
-197.060000
-198.260000
-196.070000
-199.050000
-188.260000
-207.060000
-195.260000
-195.260000
-196.250000
-196.050000
-176.880000
-248.260000
-197.260000
-227.260000
-198.250000
-264.260000
-198.060000
-243.060000
-224.060000
-198.260000
-244.270000
-197.260000
-196.060000
-198.260000
-200.060000
-239.270000
-188.070000
-187.860000
-187.870000
-185.860000
-189.060000
-193.060000
-233.260000
-189.260000
-185.680000
-196.260000
-189.060000
-187.260000
-244.060000
-187.260000
-207.060000
-203.260000
-190.070000
-187.670000
-213.070000
-188.300000
