254.750000
240.020000
276.880000
237.940000
266.270000
316.090000
323.070000
240.210000
255.580000
278.510000
197.170000
244.530000
249.770000
279.330000
231.970000
296.300000
286.120000
300.120000
234.130000
283.370000
259.020000
289.230000
277.900000
248.930000
274.250000
262.970000
221.720000
257.420000
248.330000
264.130000
248.950000
312.950000
311.450000
329.740000
212.090000
284.200000
275.150000
279.510000
302.360000
324.410000
253.910000
303.300000
246.690000
241.440000
276.320000
247.260000
268.370000
196.250000
292.240000
209.130000
263.420000
278.100000
209.420000
239.950000
304.020000
239.140000
275.290000
222.470000
271.290000
223.190000
240.970000
282.360000
255.160000
269.200000
248.010000
190.340000
240.290000
232.230000
239.940000
280.320000
249.460000
213.280000
232.330000
243.870000
220.270000
290.540000
279.050000
248.420000
212.680000
255.770000
194.160000
207.360000
274.440000
263.700000
265.120000
240.350000
210.180000
202.290000
254.100000
244.880000
213.480000
264.000000
285.760000
219.280000
284.130000
285.710000
211.230000
275.630000
244.450000
226.360000
253.330000
248.200000
203.900000
231.410000
212.240000
286.350000
235.260000
213.000000
275.430000
242.130000
265.980000
245.090000
198.830000
242.150000
276.290000
239.840000
247.310000
246.930000
236.280000
198.810000
251.290000
211.070000
199.380000
213.150000
212.250000
212.020000
207.290000
276.320000
198.130000
273.230000
211.030000
314.950000
213.180000
213.140000
217.760000
213.530000
212.300000
197.080000
239.590000
274.400000
194.200000
244.400000
285.400000
194.300000
264.290000
263.260000
308.420000
245.120000
189.520000
292.500000
260.250000
214.680000
215.410000
224.150000
252.130000
240.010000
294.360000
240.410000
255.310000
244.300000
212.180000
214.280000
251.120000
240.090000
211.030000
292.970000
246.170000
211.980000
213.350000
213.050000
224.120000
207.350000
273.920000
256.420000
241.690000
215.310000
201.250000
211.030000
251.380000
251.450000
199.780000
263.380000
243.300000
214.300000
212.260000
210.990000
211.460000
249.310000
189.080000
263.350000
189.110000
247.130000
200.190000
222.170000
241.050000
264.040000
249.190000
247.160000
214.270000
212.400000
211.800000
216.820000
265.110000
212.030000
212.260000
213.270000
215.900000
211.320000
222.390000
282.070000
206.870000
247.120000
218.340000
217.840000
210.060000
285.720000
189.990000
244.080000
203.780000
189.850000
305.690000
190.050000
190.040000
225.450000
220.900000
189.920000
213.860000
190.260000
189.740000
190.080000
203.570000
197.030000
262.750000
208.440000
227.800000
262.160000
223.060000
190.680000
193.010000
203.260000
214.380000
265.620000
273.330000
215.530000
189.320000
265.340000
235.360000
239.230000
190.430000
190.330000
265.290000
196.020000
204.080000
196.150000
253.130000
204.330000
196.050000
213.190000
212.880000
200.160000
218.960000
190.080000
190.080000
198.000000
207.810000
190.090000
188.860000
238.580000
195.020000
189.760000
283.960000
221.830000
213.240000
265.290000
190.780000
224.760000
189.580000
189.940000
190.480000
195.500000
189.580000
189.350000
189.560000
191.110000
190.050000
214.880000
193.920000
189.770000
203.770000
190.070000
189.640000
190.840000
190.580000
213.950000
214.720000
212.860000
213.880000
209.250000
213.270000
213.060000
212.010000
211.810000
212.070000
233.990000
264.070000
263.060000
243.820000
189.970000
208.980000
195.070000
190.020000
191.100000
192.940000
240.860000
246.270000
190.320000
224.070000
189.490000
247.300000
189.540000
190.530000
189.500000
265.340000
190.540000
189.500000
208.540000
201.340000
196.090000
213.540000
196.480000
196.480000
213.400000
213.420000
196.400000
195.300000
196.280000
202.580000
196.600000
195.360000
195.340000
253.280000
189.510000
192.990000
189.570000
190.430000
189.480000
189.530000
263.080000
189.590000
189.560000
189.360000
189.320000
277.070000
240.200000
212.350000
235.090000
213.380000
194.370000
211.360000
247.340000
224.350000
225.210000
189.550000
189.570000
233.090000
189.420000
190.330000
189.270000
224.300000
190.470000
189.390000
247.300000
189.430000
192.400000
189.170000
189.370000
190.480000
189.460000
245.380000
189.330000
189.250000
189.390000
207.240000
190.400000
189.350000
189.250000
193.570000
190.380000
189.300000
190.520000
189.350000
189.070000
195.430000
281.480000
189.040000
190.260000
198.920000
190.550000
189.280000
207.420000
193.590000
224.350000
189.440000
190.500000
190.300000
211.280000
212.280000
196.470000
214.260000
212.160000
235.050000
296.320000
189.390000
189.300000
188.910000
275.330000
208.220000
211.240000
211.210000
225.270000
265.370000
211.170000
210.350000
211.260000
212.170000
212.470000
235.270000
212.770000
212.180000
263.090000
214.150000
210.290000
242.430000
189.330000
262.190000
265.560000
189.250000
189.290000
193.270000
189.040000
191.330000
190.210000
190.390000
189.310000
193.170000
190.050000
189.050000
190.250000
189.990000
222.760000
189.260000
189.090000
189.230000
223.070000
190.260000
190.160000
189.210000
189.800000
189.390000
277.230000
190.090000
189.120000
190.230000
191.230000
189.560000
203.310000
190.110000
246.960000
190.100000
189.450000
190.390000
188.890000
193.030000
190.400000
189.190000
190.190000
189.360000
189.100000
265.890000
199.720000
189.280000
189.560000
190.050000
189.280000
189.480000
189.350000
190.270000
195.170000
190.290000
189.100000
189.530000
190.350000
192.260000
189.220000
189.170000
189.250000
195.070000
227.710000
195.990000
212.010000
212.110000
212.240000
212.030000
212.620000
210.100000
211.100000
212.290000
212.230000
265.200000
213.060000
232.700000
190.070000
190.050000
189.140000
213.250000
211.190000
213.200000
211.090000
211.610000
237.250000
189.150000
193.120000
190.270000
192.440000
190.050000
189.200000
193.170000
195.960000
194.470000
190.100000
189.390000
189.520000
189.970000
189.510000
189.430000
189.360000
190.430000
189.110000
189.360000
189.370000
189.170000
189.130000
191.120000
190.420000
189.280000
189.410000
191.300000
189.910000
190.180000
190.360000
189.170000
195.180000
189.230000
189.190000
189.330000
190.460000
191.280000
190.070000
197.200000
190.230000
188.850000
190.170000
189.380000
189.050000
190.160000
189.250000
189.350000
195.460000
189.180000
190.100000
189.210000
190.360000
189.180000
189.490000
191.330000
189.060000
189.350000
190.500000
191.200000
189.270000
189.220000
190.380000
189.430000
189.410000
190.410000
189.560000
190.380000
189.030000
189.020000
190.330000
210.460000
212.110000
213.190000
212.040000
222.490000
194.270000
190.370000
189.110000
189.290000
189.220000
190.250000
190.540000
189.960000
189.430000
190.140000
189.330000
190.310000
190.350000
197.030000
189.110000
196.080000
189.200000
189.110000
188.980000
190.310000
193.440000
188.770000
190.170000
190.050000
193.990000
190.230000
190.030000
192.020000
194.400000
189.210000
189.270000
189.110000
189.540000
190.060000
189.030000
189.060000
190.230000
189.450000
248.330000
190.310000
189.110000
189.120000
188.850000
189.150000
188.970000
189.150000
189.160000
189.060000
189.300000
190.330000
188.920000
190.800000
189.470000
208.520000
204.470000
190.240000
190.080000
189.260000
188.990000
195.770000
192.630000
190.330000
189.180000
190.190000
189.190000
189.170000
189.990000
189.250000
190.280000
189.270000
190.090000
188.920000
189.210000
188.980000
189.270000
190.080000
189.450000
190.250000
191.110000
189.220000
189.330000
190.060000
190.070000
189.280000
190.260000
189.360000
188.850000
190.540000
189.090000
191.090000
189.840000
188.660000
189.350000
191.310000
190.340000
188.950000
196.470000
188.790000
222.570000
189.410000
190.250000
189.340000
190.420000
222.170000
189.260000
189.110000
190.210000
189.230000
190.360000
190.290000
190.380000
189.030000
189.930000
190.250000
189.650000
189.240000
190.360000
188.950000
189.460000
205.570000
188.880000
189.210000
190.170000
189.090000
189.220000
190.160000
188.900000
189.180000
190.020000
189.220000
188.840000
194.080000
189.230000
189.160000
189.940000
188.830000
189.870000
189.000000
189.240000
189.190000
189.200000
191.010000
247.050000
189.260000
189.210000
189.010000
213.350000
243.200000
189.160000
189.060000
227.770000
190.220000
189.120000
189.100000
190.060000
189.820000
188.990000
189.250000
189.120000
194.190000
189.320000
189.080000
189.220000
189.800000
190.890000
192.040000
188.970000
189.040000
190.100000
227.680000
188.930000
190.130000
190.190000
197.140000
227.900000
190.050000
190.260000
189.050000
190.960000
228.790000
189.060000
191.350000
190.070000
190.120000
190.270000
188.910000
193.370000
190.260000
188.970000
189.900000
189.250000
189.210000
192.070000
190.090000
189.030000
189.130000
190.090000
189.780000
190.290000
188.810000
188.930000
191.050000
189.900000
188.750000
189.190000
185.720000
189.330000
189.250000
188.830000
189.470000
189.160000
191.150000
190.350000
189.060000
189.100000
189.160000
189.540000
189.370000
189.150000
189.070000
189.390000
189.350000
189.310000
189.260000
189.370000
191.310000
188.930000
190.140000
190.410000
189.450000
189.120000
190.160000
189.180000
189.020000
189.090000
190.470000
190.220000
189.470000
189.100000
189.220000
193.040000
189.080000
189.320000
189.090000
190.170000
190.220000
190.310000
191.340000
191.190000
189.400000
189.020000
189.220000
189.360000
191.340000
191.120000
189.120000
189.050000
189.330000
189.180000
189.280000
189.440000
189.100000
189.210000
190.250000
188.990000
189.460000
189.390000
189.170000
189.230000
190.130000
188.820000
189.350000
189.250000
189.200000
189.110000
189.370000
190.060000
189.410000
191.970000
189.170000
189.090000
188.740000
189.340000
189.000000
189.280000
190.060000
263.170000
189.080000
189.100000
189.110000
188.950000
188.980000
190.900000
196.130000
190.180000
189.270000
189.280000
190.030000
188.920000
188.980000
189.240000
189.070000
192.250000
189.820000
190.210000
190.360000
190.000000
189.130000
190.310000
191.090000
189.200000
191.790000
191.870000
189.860000
189.000000
190.230000
189.390000
189.220000
189.200000
189.000000
189.030000
196.310000
188.910000
188.920000
189.260000
189.150000
189.090000
189.990000
189.040000
189.360000
189.390000
189.090000
189.140000
189.110000
189.090000
190.150000
190.300000
189.880000
190.360000
188.950000
190.020000
189.410000
188.850000
229.620000
189.400000
189.290000
190.010000
189.220000
189.110000
189.310000
191.290000
189.490000
189.040000
190.350000
189.250000
189.230000
190.080000
189.270000
190.070000
190.160000
191.040000
190.020000
189.990000
189.000000
189.070000
189.170000
189.950000
189.060000
193.100000
190.220000
196.130000
189.280000
189.290000
189.230000
186.460000
189.170000
189.180000
189.120000
191.360000
191.040000
188.980000
190.260000
189.940000
189.050000
189.390000
188.940000
189.240000
189.440000
190.440000
190.330000
189.150000
189.340000
191.290000
188.980000
189.260000
189.250000
189.270000
189.160000
188.840000
190.300000
189.920000
190.090000
190.130000
189.270000
189.250000
