265.640000
281.380000
265.290000
273.180000
268.150000
295.290000
209.080000
297.720000
288.890000
280.570000
286.130000
271.090000
287.520000
310.650000
244.220000
267.510000
283.440000
264.480000
258.670000
326.470000
248.850000
345.290000
287.290000
302.460000
238.440000
217.630000
230.430000
248.520000
298.210000
307.380000
305.370000
291.230000
282.520000
239.850000
287.350000
287.280000
275.540000
268.320000
241.230000
261.360000
259.140000
315.680000
263.400000
270.170000
267.280000
220.350000
234.660000
328.640000
258.520000
238.390000
267.560000
318.260000
264.310000
314.470000
277.250000
263.150000
236.140000
236.250000
278.730000
331.310000
252.180000
289.370000
276.180000
247.270000
214.660000
276.460000
196.950000
271.340000
311.230000
275.200000
224.250000
253.190000
200.290000
256.160000
240.420000
290.380000
227.200000
233.340000
259.290000
216.310000
221.200000
226.150000
256.830000
257.020000
251.420000
263.100000
245.040000
190.150000
251.340000
273.390000
257.260000
196.310000
212.420000
211.470000
218.580000
263.130000
224.160000
263.130000
189.380000
225.250000
259.360000
262.240000
251.430000
243.240000
262.340000
210.980000
245.280000
264.310000
294.080000
264.190000
235.340000
264.020000
198.250000
196.220000
212.090000
197.180000
245.350000
208.370000
191.460000
274.050000
241.040000
260.110000
258.010000
251.360000
214.430000
197.080000
246.080000
223.270000
243.200000
210.370000
263.260000
215.160000
240.170000
236.030000
226.050000
227.190000
279.840000
190.280000
265.900000
190.430000
222.040000
188.880000
215.390000
218.430000
243.380000
273.220000
238.820000
211.260000
213.990000
183.110000
262.160000
238.600000
254.370000
263.160000
264.100000
197.150000
223.390000
212.350000
263.200000
224.130000
212.120000
224.210000
264.310000
215.500000
208.200000
225.300000
216.200000
215.170000
234.300000
262.370000
234.300000
214.240000
252.190000
244.790000
244.400000
215.020000
224.150000
218.340000
212.490000
191.420000
209.180000
273.220000
213.070000
239.200000
216.330000
238.050000
300.180000
209.420000
217.440000
279.140000
257.190000
235.190000
192.990000
223.100000
215.890000
217.130000
191.100000
217.250000
236.890000
215.330000
209.460000
262.300000
211.040000
215.100000
195.170000
219.150000
215.190000
226.110000
225.060000
248.010000
233.160000
197.430000
231.790000
215.180000
216.220000
215.350000
276.970000
241.380000
216.240000
196.320000
263.280000
211.260000
214.900000
244.400000
195.170000
207.360000
302.630000
215.230000
213.300000
238.930000
216.480000
215.700000
263.100000
216.420000
214.150000
212.860000
215.120000
214.060000
270.390000
244.210000
216.000000
245.500000
215.130000
197.400000
214.140000
215.370000
195.280000
214.270000
215.190000
215.000000
250.270000
214.470000
222.060000
222.290000
222.140000
223.410000
224.560000
223.570000
221.130000
214.400000
222.400000
223.300000
260.360000
223.380000
222.250000
222.430000
213.430000
225.700000
212.210000
243.050000
215.060000
247.700000
210.380000
217.060000
215.250000
203.630000
216.310000
197.410000
210.970000
214.360000
216.360000
264.260000
212.230000
225.350000
255.090000
242.290000
196.250000
216.380000
215.170000
225.200000
217.120000
189.720000
216.260000
216.230000
223.880000
222.270000
246.590000
215.570000
216.130000
214.990000
219.520000
216.580000
224.530000
211.140000
251.210000
244.610000
220.020000
216.480000
216.590000
214.220000
261.340000
216.560000
214.040000
264.770000
216.430000
215.470000
214.080000
239.960000
205.310000
216.050000
214.060000
216.590000
208.090000
216.060000
210.210000
262.330000
217.340000
215.470000
215.240000
214.450000
214.410000
204.130000
262.130000
243.240000
217.280000
243.320000
215.470000
216.560000
217.400000
216.210000
217.470000
215.150000
218.660000
207.280000
226.130000
214.520000
214.480000
215.370000
215.350000
196.060000
267.360000
216.360000
246.530000
217.550000
283.260000
217.420000
262.390000
243.050000
217.450000
263.540000
216.610000
215.300000
217.310000
219.130000
258.350000
207.200000
207.030000
207.200000
205.200000
208.250000
212.210000
252.190000
208.430000
204.960000
215.680000
208.350000
206.440000
263.440000
206.680000
226.130000
223.260000
209.310000
206.840000
232.300000
207.770000
