1.000000
0.999000
0.998001
0.997003
0.996006
0.995010
0.994015
0.993021
0.992028
0.991036
0.990045
0.989055
0.988066
0.987078
0.986091
0.985105
0.984119
0.983135
0.982152
0.981170
0.980189
0.979209
0.978229
0.977251
0.976274
0.975298
0.974322
0.973348
0.972375
0.971402
0.970431
0.969461
0.968491
0.967523
0.966555
0.965589
0.964623
0.963658
0.962695
0.961732
0.960770
0.959809
0.958850
0.957891
0.956933
0.955976
0.955020
0.954065
0.953111
0.952158
0.951206
0.950254
0.949304
0.948355
0.947407
0.946459
0.945513
0.944567
0.943623
0.942679
0.941736
0.940795
0.939854
0.938914
0.937975
0.937037
0.936100
0.935164
0.934229
0.933294
0.932361
0.931429
0.930497
0.929567
0.928637
0.927709
0.926781
0.925854
0.924928
0.924003
0.923079
0.922156
0.921234
0.920313
0.919393
0.918473
0.917555
0.916637
0.915721
0.914805
0.913890
0.912976
0.912063
0.911151
0.910240
0.909330
0.908420
0.907512
0.906604
0.905698
0.904792
0.903887
0.902983
0.902080
0.901178
0.900277
0.899377
0.898478
0.897579
0.896682
0.895785
0.894889
0.893994
0.893100
0.892207
0.891315
0.890424
0.889533
0.888644
0.887755
0.886867
0.885980
0.885094
0.884209
0.883325
0.882442
0.881559
0.880678
0.879797
0.878917
0.878038
0.877160
0.876283
0.875407
0.874531
0.873657
0.872783
0.871910
0.871039
0.870168
0.869297
0.868428
0.867560
0.866692
0.865825
0.864960
0.864095
0.863230
0.862367
0.861505
0.860643
0.859783
0.858923
0.858064
0.857206
0.856349
0.855492
0.854637
0.853782
0.852929
0.852076
0.851223
0.850372
0.849522
0.848672
0.847824
0.846976
0.846129
0.845283
0.844437
0.843593
0.842749
0.841907
0.841065
0.840224
0.839384
0.838544
0.837706
0.836868
0.836031
0.835195
0.834360
0.833525
0.832692
0.831859
0.831027
0.830196
0.829366
0.828537
0.827708
0.826881
0.826054
0.825228
0.824402
0.823578
0.822754
0.821932
0.821110
0.820289
0.819468
0.818649
0.817830
0.817012
0.816195
0.815379
0.814564
0.813749
0.812935
0.812123
0.811310
0.810499
0.809689
0.808879
0.808070
0.807262
0.806455
0.805648
0.804843
0.804038
0.803234
0.802430
0.801628
0.800826
0.800026
0.799226
0.798426
0.797628
0.796830
0.796033
0.795237
0.794442
0.793648
0.792854
0.792061
0.791269
0.790478
0.789687
0.788898
0.788109
0.787321
0.786533
0.785747
0.784961
0.784176
0.783392
0.782609
0.781826
0.781044
0.780263
0.779483
0.778703
0.777925
0.777147
0.776370
0.775593
0.774818
0.774043
0.773269
0.772496
0.771723
0.770951
0.770180
0.769410
0.768641
0.767872
0.767104
0.766337
0.765571
0.764805
0.764040
0.763276
0.762513
0.761751
0.760989
0.760228
0.759468
0.758708
0.757949
0.757191
0.756434
0.755678
0.754922
0.754167
0.753413
0.752660
0.751907
0.751155
0.750404
0.749654
0.748904
0.748155
0.747407
0.746659
0.745913
0.745167
0.744422
0.743677
0.742934
0.742191
0.741448
0.740707
0.739966
0.739226
0.738487
0.737749
0.737011
0.736274
0.735538
0.734802
0.734067
0.733333
0.732600
0.731867
0.731135
0.730404
0.729674
0.728944
0.728215
0.727487
0.726760
0.726033
0.725307
0.724581
0.723857
0.723133
0.722410
0.721687
0.720966
0.720245
0.719525
0.718805
0.718086
0.717368
0.716651
0.715934
0.715218
0.714503
0.713788
0.713075
0.712362
0.711649
0.710938
0.710227
0.709516
0.708807
0.708098
0.707390
0.706683
0.705976
0.705270
0.704565
0.703860
0.703156
0.702453
0.701751
0.701049
0.700348
0.699648
0.698948
0.698249
0.697551
0.696853
0.696156
0.695460
0.694765
0.694070
0.693376
0.692682
0.691990
0.691298
0.690606
0.689916
0.689226
0.688537
0.687848
0.687160
0.686473
0.685787
0.685101
0.684416
0.683731
0.683048
0.682365
0.681682
0.681001
0.680320
0.679639
0.678960
0.678281
0.677602
0.676925
0.676248
0.675572
0.674896
0.674221
0.673547
0.672873
0.672200
0.671528
0.670857
0.670186
0.669516
0.668846
0.668177
0.667509
0.666842
0.666175
0.665509
0.664843
0.664178
0.663514
0.662851
0.662188
0.661526
0.660864
0.660203
0.659543
0.658883
0.658225
0.657566
0.656909
0.656252
0.655596
0.654940
0.654285
0.653631
0.652977
0.652324
0.651672
0.651020
0.650369
0.649719
0.649069
0.648420
0.647772
0.647124
0.646477
0.645830
0.645184
0.644539
0.643895
0.643251
0.642608
0.641965
0.641323
0.640682
0.640041
0.639401
0.638761
0.638123
0.637485
0.636847
0.636210
0.635574
0.634938
0.634304
0.633669
0.633036
0.632403
0.631770
0.631138
0.630507
0.629877
0.629247
0.628618
0.627989
0.627361
0.626734
0.626107
0.625481
0.624855
0.624230
0.623606
0.622983
0.622360
0.621737
0.621116
0.620494
0.619874
0.619254
0.618635
0.618016
0.617398
0.616781
0.616164
0.615548
0.614932
0.614317
0.613703
0.613089
0.612476
0.611864
0.611252
0.610641
0.610030
0.609420
0.608811
0.608202
0.607594
0.606986
0.606379
0.605773
0.605167
0.604562
0.603957
0.603353
0.602750
0.602147
0.601545
0.600943
0.600342
0.599742
0.599142
0.598543
0.597945
0.597347
0.596749
0.596153
0.595556
0.594961
0.594366
0.593772
0.593178
0.592585
0.591992
0.591400
0.590809
0.590218
0.589628
0.589038
0.588449
0.587860
0.587273
0.586685
0.586099
0.585513
0.584927
0.584342
0.583758
0.583174
0.582591
0.582008
0.581426
0.580845
0.580264
0.579684
0.579104
0.578525
0.577946
0.577368
0.576791
0.576214
0.575638
0.575062
0.574487
0.573913
0.573339
0.572766
0.572193
0.571621
0.571049
0.570478
0.569908
0.569338
0.568768
0.568200
0.567631
0.567064
0.566497
0.565930
0.565364
0.564799
0.564234
0.563670
0.563106
0.562543
0.561980
0.561418
0.560857
0.560296
0.559736
0.559176
0.558617
0.558058
0.557500
0.556943
0.556386
0.555829
0.555274
0.554718
0.554164
0.553610
0.553056
0.552503
0.551950
0.551398
0.550847
0.550296
0.549746
0.549196
0.548647
0.548098
0.547550
0.547003
0.546456
0.545909
0.545363
0.544818
0.544273
0.543729
0.543185
0.542642
0.542099
0.541557
0.541016
0.540475
0.539934
0.539394
0.538855
0.538316
0.537778
0.537240
0.536703
0.536166
0.535630
0.535094
0.534559
0.534024
0.533490
0.532957
0.532424
0.531892
0.531360
0.530828
0.530297
0.529767
0.529237
0.528708
0.528179
0.527651
0.527124
0.526596
0.526070
0.525544
0.525018
0.524493
0.523969
0.523445
0.522921
0.522398
0.521876
0.521354
0.520833
0.520312
0.519792
0.519272
0.518753
0.518234
0.517716
0.517198
0.516681
0.516164
0.515648
0.515132
0.514617
0.514102
0.513588
0.513075
0.512562
0.512049
0.511537
0.511026
0.510515
0.510004
0.509494
0.508984
0.508476
0.507967
0.507459
0.506952
0.506445
0.505938
0.505432
0.504927
0.504422
0.503917
0.503414
0.502910
0.502407
0.501905
0.501403
0.500902
0.500401
0.499900
0.499400
0.498901
0.498402
0.497904
0.497406
0.496908
0.496411
0.495915
0.495419
0.494924
0.494429
0.493934
0.493440
0.492947
0.492454
0.491962
0.491470
0.490978
0.490487
0.489997
0.489507
0.489017
0.488528
0.488040
0.487552
0.487064
0.486577
0.486090
0.485604
0.485119
0.484634
0.484149
0.483665
0.483181
0.482698
0.482215
0.481733
0.481251
0.480770
0.480289
0.479809
0.479329
0.478850
0.478371
0.477893
0.477415
0.476937
0.476460
0.475984
0.475508
0.475032
0.474557
0.474083
0.473609
0.473135
0.472662
0.472189
0.471717
0.471245
0.470774
0.470303
0.469833
0.469363
0.468894
0.468425
0.467957
0.467489
0.467021
0.466554
0.466088
0.465621
0.465156
0.464691
0.464226
0.463762
0.463298
0.462835
0.462372
0.461910
0.461448
0.460986
0.460525
0.460065
0.459605
0.459145
0.458686
0.458227
0.457769
0.457311
0.456854
0.456397
0.455941
0.455485
0.455029
0.454574
0.454120
0.453665
0.453212
0.452759
0.452306
0.451854
0.451402
0.450950
0.450499
0.450049
0.449599
0.449149
0.448700
0.448251
0.447803
0.447355
0.446908
0.446461
0.446015
0.445569
0.445123
0.444678
0.444233
0.443789
0.443345
0.442902
0.442459
0.442016
0.441574
0.441133
0.440692
0.440251
0.439811
0.439371
0.438932
0.438493
0.438054
0.437616
0.437178
0.436741
0.436305
0.435868
0.435432
0.434997
0.434562
0.434127
