-288.020000
-296.000000
-220.020000
-272.200000
-287.640000
-321.250000
-350.200000
-245.830000
-336.020000
-331.020000
-264.020000
-299.220000
-195.820000
-198.020000
-224.200000
-281.230000
-251.850000
-250.820000
-242.220000
-254.820000
-232.000000
-247.200000
-226.830000
-214.800000
-296.200000
-233.200000
-234.200000
-280.000000
-294.230000
-261.200000
-228.220000
-229.200000
-238.230000
-265.200000
-275.200000
-268.000000
-248.200000
-189.200000
-207.000000
-224.230000
-280.000000
-251.000000
-231.000000
-222.000000
-218.230000
-223.230000
-278.200000
-264.030000
-272.230000
-269.200000
-237.050000
-226.200000
-258.200000
-213.020000
-254.200000
-238.000000
-245.230000
-229.820000
-209.020000
-245.200000
-231.000000
-212.800000
-302.000000
-244.220000
-230.230000
-224.000000
-223.630000
-232.200000
-198.820000
-219.200000
-221.030000
-271.000000
-235.200000
-227.200000
-267.200000
-201.200000
-265.830000
-246.230000
-259.220000
-297.200000
-195.200000
-212.200000
-246.800000
-294.000000
-256.200000
-254.000000
-278.000000
-302.250000
-207.970000
-191.200000
-188.830000
-188.020000
-187.800000
-190.200000
-187.000000
-190.030000
-187.200000
-282.200000
-198.200000
-183.200000
-191.200000
-189.050000
-195.250000
-181.200000
-235.220000
-259.230000
-262.200000
-240.200000
-235.000000
-267.000000
-219.030000
-221.220000
-226.000000
-216.200000
-236.230000
-250.030000
-231.000000
-211.220000
-250.000000
-226.230000
-219.000000
-218.830000
-220.230000
-229.030000
-223.250000
-262.230000
-250.830000
-255.200000
-248.200000
-245.200000
-229.000000
-229.220000
-228.020000
-231.200000
-226.030000
-226.200000
-234.200000
-235.030000
-224.020000
-242.220000
-236.200000
-247.200000
-231.000000
-248.220000
-273.800000
-201.000000
-205.050000
-196.200000
-222.200000
-194.820000
-195.600000
-201.230000
-200.030000
-198.000000
-200.220000
-200.020000
-197.000000
-199.000000
-198.020000
-196.200000
-198.000000
-192.000000
-189.020000
-189.000000
-198.000000
-210.000000
-191.200000
-198.020000
-200.000000
-235.200000
-197.030000
-197.020000
-195.200000
-200.200000
-199.230000
-189.200000
-195.200000
-198.200000
-197.200000
-198.200000
-195.030000
-198.830000
-202.200000
-197.200000
-201.200000
-209.030000
-198.200000
-200.200000
-200.020000
-207.000000
-199.000000
-201.200000
-199.200000
-237.020000
-208.200000
-197.630000
-187.050000
-196.200000
-188.200000
-188.240000
-185.850000
-184.200000
-192.000000
-202.000000
-203.000000
-195.000000
-199.200000
-235.200000
-184.000000
-187.020000
-186.200000
-173.200000
-194.030000
-184.230000
-195.230000
-186.200000
-194.200000
-184.200000
-194.850000
-187.200000
-175.050000
-174.000000
-177.200000
-183.000000
-185.200000
-190.050000
-180.070000
-241.250000
-202.200000
-207.220000
-227.200000
-189.230000
-190.200000
-184.430000
-191.030000
-189.060000
-201.200000
-190.200000
-190.200000
-201.220000
-191.200000
-188.230000
-186.040000
-194.050000
-182.220000
-183.020000
-183.220000
-180.850000
