352.570000
241.390000
229.120000
239.630000
213.890000
195.840000
298.500000
271.070000
327.240000
270.460000
290.370000
253.310000
285.650000
253.400000
244.680000
288.310000
253.120000
238.660000
290.070000
235.370000
238.240000
271.460000
194.400000
245.950000
221.880000
258.030000
254.780000
294.190000
246.560000
260.420000
208.160000
273.430000
194.890000
257.480000
225.560000
229.090000
215.720000
281.310000
324.370000
255.350000
289.280000
326.650000
265.830000
315.320000
220.810000
272.150000
280.360000
286.000000
269.330000
326.020000
266.970000
202.890000
256.580000
245.570000
296.330000
273.120000
276.040000
263.340000
321.710000
231.870000
248.100000
283.180000
297.330000
310.440000
316.680000
243.650000
271.820000
270.460000
242.970000
286.150000
228.020000
233.230000
293.280000
282.540000
290.540000
296.550000
250.970000
333.090000
239.440000
208.530000
254.830000
216.950000
240.480000
215.300000
265.640000
256.610000
204.220000
251.310000
255.680000
269.470000
289.300000
218.890000
261.100000
207.520000
245.220000
198.790000
259.410000
212.040000
226.670000
216.890000
215.440000
299.030000
231.140000
244.170000
251.430000
213.780000
255.750000
292.610000
242.300000
260.370000
237.470000
269.840000
276.850000
237.500000
279.500000
252.390000
203.650000
250.140000
266.290000
198.370000
242.950000
249.580000
227.760000
245.150000
259.920000
215.630000
252.530000
245.390000
235.210000
263.150000
251.100000
262.900000
236.960000
206.380000
276.980000
238.710000
218.690000
236.990000
258.500000
289.300000
215.010000
230.690000
218.600000
215.380000
259.910000
266.190000
213.070000
245.510000
218.640000
212.990000
256.700000
214.140000
199.950000
269.370000
200.550000
206.780000
244.300000
216.130000
197.580000
215.990000
215.320000
238.200000
235.560000
197.030000
224.860000
269.770000
261.420000
229.980000
269.880000
249.560000
205.770000
243.240000
199.050000
241.720000
244.210000
284.900000
220.330000
214.290000
212.670000
217.400000
261.610000
210.590000
196.290000
211.350000
195.540000
214.020000
214.030000
194.430000
214.360000
203.310000
247.400000
276.890000
242.110000
211.530000
213.570000
216.470000
195.420000
215.340000
243.590000
216.620000
243.010000
215.150000
247.070000
281.240000
193.080000
189.690000
213.710000
217.230000
216.170000
243.180000
226.330000
215.590000
195.940000
215.240000
206.340000
213.740000
239.070000
215.070000
193.370000
218.440000
260.490000
217.530000
267.400000
225.220000
224.320000
243.920000
189.440000
193.490000
260.720000
264.350000
219.930000
260.430000
244.550000
259.460000
256.910000
222.210000
243.100000
242.200000
214.880000
207.710000
221.410000
196.340000
211.180000
213.890000
214.120000
214.900000
215.080000
218.580000
216.060000
215.040000
263.110000
188.500000
260.580000
214.830000
195.460000
223.860000
197.040000
215.620000
258.780000
213.860000
242.570000
211.410000
213.910000
194.390000
215.220000
274.540000
215.140000
260.180000
213.990000
209.380000
234.150000
213.630000
214.230000
212.880000
214.820000
260.100000
264.310000
212.990000
221.980000
210.080000
215.020000
223.030000
215.530000
215.580000
219.040000
252.630000
212.260000
262.000000
215.580000
224.180000
223.720000
247.670000
223.910000
220.320000
189.710000
270.460000
216.300000
212.680000
262.170000
214.030000
215.100000
215.270000
262.920000
194.130000
258.150000
215.190000
213.870000
216.260000
219.120000
215.680000
213.750000
204.020000
214.150000
244.970000
215.130000
214.660000
215.060000
211.260000
206.830000
216.550000
195.650000
215.850000
263.810000
215.910000
216.820000
245.300000
217.250000
215.280000
218.900000
196.980000
195.820000
196.580000
218.030000
216.970000
216.930000
217.260000
223.230000
245.250000
216.650000
215.720000
215.530000
214.480000
242.210000
215.910000
196.250000
253.250000
197.460000
194.740000
269.080000
196.360000
194.500000
193.910000
195.640000
269.700000
216.000000
196.220000
195.020000
195.810000
214.030000
196.180000
194.900000
205.840000
194.510000
192.790000
268.180000
209.370000
196.300000
194.510000
201.160000
195.510000
195.250000
228.130000
195.650000
195.070000
216.420000
195.710000
195.900000
196.140000
195.100000
212.380000
195.210000
195.880000
195.470000
194.540000
196.470000
196.100000
195.370000
196.640000
195.760000
195.180000
194.910000
195.780000
194.380000
195.860000
195.290000
192.450000
192.500000
192.980000
192.910000
190.340000
193.140000
193.260000
212.260000
226.120000
194.620000
212.260000
191.790000
192.210000
192.060000
192.960000
216.880000
196.350000
196.390000
195.220000
195.090000
196.550000
218.640000
206.530000
194.890000
196.230000
196.260000
194.760000
195.010000
194.290000
196.130000
196.260000
214.290000
216.160000
214.610000
216.200000
216.670000
223.180000
222.740000
199.430000
217.950000
217.220000
215.010000
214.770000
195.750000
224.610000
211.820000
215.410000
216.640000
216.040000
215.690000
221.880000
215.700000
216.040000
216.140000
215.680000
216.330000
215.510000
216.810000
217.120000
223.050000
223.880000
199.350000
196.760000
219.440000
216.160000
216.140000
214.870000
215.550000
212.510000
217.000000
214.890000
213.860000
245.090000
216.730000
215.100000
216.590000
219.150000
262.230000
215.000000
215.870000
217.280000
214.310000
216.150000
217.080000
233.720000
215.060000
214.590000
217.240000
216.850000
216.590000
