-336.860000
-222.010000
-210.620000
-221.010000
-194.630000
-176.810000
-279.830000
-252.430000
-307.820000
-251.810000
-271.820000
-234.810000
-266.620000
-234.610000
-226.010000
-269.230000
-234.610000
-219.820000
-271.020000
-216.440000
-218.240000
-252.210000
-175.820000
-227.000000
-203.220000
-239.630000
-235.630000
-275.430000
-227.830000
-241.620000
-189.640000
-254.810000
-175.820000
-238.640000
-206.400000
-210.810000
-197.410000
-263.010000
-306.010000
-236.610000
-270.010000
-307.430000
-246.610000
-296.820000
-201.810000
-253.820000
-262.010000
-267.600000
-251.010000
-307.830000
-248.410000
-184.200000
-237.600000
-227.000000
-277.810000
-254.610000
-257.610000
-244.610000
-302.610000
-213.020000
-229.600000
-264.820000
-279.010000
-292.010000
-298.220000
-224.640000
-252.830000
-251.810000
-224.810000
-267.420000
-209.020000
-214.420000
-274.820000
-263.430000
-271.820000
-277.420000
-231.620000
-314.030000
-220.640000
-190.420000
-236.640000
-198.630000
-221.830000
-196.830000
-246.630000
-237.830000
-186.030000
-232.620000
-236.820000
-250.630000
-270.820000
-199.650000
-242.460000
-189.020000
-226.640000
-179.850000
-241.030000
-193.640000
-207.840000
-197.840000
-196.840000
-280.630000
-212.640000
-225.640000
-232.830000
-195.440000
-237.040000
-274.040000
-223.840000
-242.030000
-218.650000
-250.640000
-258.040000
-218.850000
-261.030000
-233.660000
-184.840000
-231.850000
-248.220000
-180.050000
-224.450000
-231.250000
-208.850000
-225.840000
-241.640000
-197.220000
-234.050000
-227.230000
-215.650000
-243.850000
-232.440000
-244.650000
-217.850000
-188.060000
-258.440000
-220.450000
-199.660000
-218.050000
-239.860000
-270.860000
-196.650000
-212.250000
-200.060000
-196.860000
-241.660000
-247.060000
-194.440000
-226.860000
-199.450000
-194.650000
-238.450000
-195.650000
-180.860000
-250.650000
-181.860000
-188.050000
-225.850000
-197.650000
-179.060000
-197.850000
-197.050000
-220.060000
-216.650000
-178.660000
-206.450000
-251.260000
-243.050000
-211.650000
-251.060000
-230.860000
-187.450000
-224.850000
-180.460000
-223.260000
-225.850000
-265.860000
-201.860000
-196.050000
-194.050000
-198.060000
-243.060000
-191.860000
-177.860000
-193.060000
-176.850000
-195.650000
-195.460000
-175.860000
-195.850000
-185.250000
-228.260000
-258.260000
-223.250000
-193.060000
-195.050000
-197.850000
-176.860000
-197.260000
-225.050000
-197.660000
-224.840000
-196.660000
-227.840000
-263.060000
-174.660000
-171.250000
-195.460000
-198.840000
-197.650000
-224.850000
-208.050000
-197.260000
-177.050000
-196.860000
-187.850000
-195.460000
-220.850000
-196.860000
-175.060000
-199.660000
-242.060000
-198.650000
-248.860000
-206.850000
-205.650000
-225.660000
-171.050000
-175.040000
-242.050000
-246.060000
-200.850000
-242.050000
-226.060000
-240.850000
-238.660000
-203.840000
-224.640000
-223.860000
-196.660000
-189.460000
-202.450000
-177.650000
-192.060000
-195.650000
-195.850000
-196.650000
-196.860000
-199.850000
-197.850000
-196.850000
-244.650000
-170.060000
-242.050000
-196.660000
-177.040000
-205.860000
-178.660000
-196.860000
-240.260000
-195.460000
-223.450000
-192.860000
-195.450000
-176.250000
-196.650000
-256.060000
-196.850000
-241.650000
-195.850000
-190.650000
-215.450000
-195.450000
-195.860000
-194.460000
-196.650000
-241.660000
-245.860000
-194.660000
-203.860000
-191.850000
-196.650000
-203.860000
-197.260000
-197.060000
-200.260000
-234.260000
-193.660000
-243.650000
-197.060000
-205.050000
-205.060000
-229.060000
-205.260000
-201.260000
-170.860000
-251.660000
-197.850000
-194.460000
-243.860000
-195.860000
-196.860000
-197.060000
-244.660000
-175.650000
-239.850000
-196.860000
-195.660000
-197.860000
-199.660000
-197.260000
-195.450000
-185.860000
-195.660000
-226.660000
-197.060000
-196.260000
-196.860000
-192.460000
-187.650000
-197.860000
-176.860000
-197.060000
-244.860000
-197.260000
-198.060000
-226.060000
-198.060000
-196.060000
-199.660000
-177.860000
-177.060000
-177.060000
-199.260000
-198.050000
-197.860000
-198.260000
-204.260000
-226.060000
-198.050000
-196.860000
-196.850000
-196.450000
-223.060000
-197.070000
-176.860000
-234.460000
-178.660000
-176.060000
-250.060000
-177.060000
-175.870000
-174.860000
-176.660000
-251.250000
-196.660000
-177.060000
-175.860000
-177.060000
-194.650000
-177.260000
-175.860000
-186.860000
-175.860000
-174.060000
-249.060000
-190.260000
-177.070000
-175.260000
-176.270000
-176.260000
-176.260000
-208.860000
-176.660000
-175.860000
-197.060000
-176.860000
-177.060000
-177.060000
-175.860000
-193.060000
-176.060000
-176.860000
-176.460000
-175.260000
-177.060000
-176.860000
-176.070000
-177.260000
-176.060000
-176.260000
-175.660000
-176.860000
-175.470000
-176.860000
-176.060000
-173.870000
-173.660000
-173.860000
-174.060000
-171.060000
-173.870000
-174.060000
-192.680000
-207.070000
-175.260000
-193.270000
-173.470000
-172.670000
-173.070000
-173.660000
-192.060000
-177.070000
-177.060000
-176.060000
-176.060000
-177.060000
-199.060000
-187.060000
-175.660000
-176.860000
-176.860000
-176.060000
-175.860000
-175.060000
-176.660000
-177.070000
-195.260000
-197.260000
-195.860000
-197.060000
-198.070000
-204.060000
-203.470000
-180.260000
-199.060000
-198.270000
-196.060000
-195.660000
-176.860000
-205.270000
-192.470000
-197.060000
-198.060000
-196.860000
-196.670000
-202.880000
-196.660000
-197.060000
-196.860000
-197.050000
-197.270000
-196.870000
-197.860000
-197.870000
-203.870000
-204.860000
-180.270000
-177.690000
-199.880000
-196.870000
-196.860000
-195.860000
-197.070000
-193.870000
-198.070000
-195.870000
-194.860000
-226.060000
-197.660000
-196.260000
-197.860000
-199.660000
-243.060000
-196.070000
-196.860000
-198.070000
-195.680000
-197.670000
-197.870000
-215.060000
-195.680000
-195.680000
-198.070000
-198.080000
-198.060000
