1.000000
0.999000
0.998001
0.997003
0.996006
0.995010
0.994015
0.993021
0.992028
0.991036
0.990045
0.989055
0.988066
0.987078
0.986091
0.985105
0.984119
0.983135
0.982152
0.981170
0.980189
0.979209
0.978229
0.977251
0.976274
0.975298
0.974322
0.973348
0.972375
0.971402
0.970431
0.969461
0.968491
0.967523
0.966555
0.965589
0.964623
0.963658
0.962695
0.961732
0.960770
0.959809
0.958850
0.957891
0.956933
0.955976
0.955020
0.954065
0.953111
0.952158
0.951206
0.950254
0.949304
0.948355
0.947407
0.946459
0.945513
0.944567
0.943623
0.942679
0.941736
0.940795
0.939854
0.938914
0.937975
0.937037
0.936100
0.935164
0.934229
0.933294
0.932361
0.931429
0.930497
0.929567
0.928637
0.927709
0.926781
0.925854
0.924928
0.924003
0.923079
0.922156
0.921234
0.920313
0.919393
0.918473
0.917555
0.916637
0.915721
0.914805
0.913890
0.912976
0.912063
0.911151
0.910240
0.909330
0.908420
0.907512
0.906604
0.905698
0.904792
0.903887
0.902983
0.902080
0.901178
0.900277
0.899377
0.898478
0.897579
0.896682
0.895785
0.894889
0.893994
0.893100
0.892207
0.891315
0.890424
0.889533
0.888644
0.887755
0.886867
0.885980
0.885094
0.884209
0.883325
0.882442
0.881559
0.880678
0.879797
0.878917
0.878038
0.877160
0.876283
0.875407
0.874531
0.873657
0.872783
0.871910
0.871039
0.870168
0.869297
0.868428
0.867560
0.866692
0.865825
0.864960
0.864095
0.863230
0.862367
0.861505
0.860643
0.859783
0.858923
0.858064
0.857206
0.856349
0.855492
0.854637
0.853782
0.852929
0.852076
0.851223
0.850372
0.849522
0.848672
0.847824
0.846976
0.846129
0.845283
0.844437
0.843593
0.842749
0.841907
0.841065
0.840224
0.839384
0.838544
0.837706
0.836868
0.836031
0.835195
0.834360
0.833525
0.832692
0.831859
0.831027
0.830196
0.829366
0.828537
0.827708
0.826881
0.826054
0.825228
0.824402
0.823578
0.822754
0.821932
0.821110
0.820289
0.819468
0.818649
0.817830
0.817012
0.816195
0.815379
0.814564
0.813749
0.812935
0.812123
0.811310
0.810499
0.809689
0.808879
0.808070
0.807262
0.806455
0.805648
0.804843
0.804038
0.803234
0.802430
0.801628
0.800826
0.800026
0.799226
0.798426
0.797628
0.796830
0.796033
0.795237
0.794442
0.793648
0.792854
0.792061
0.791269
0.790478
0.789687
0.788898
0.788109
0.787321
0.786533
0.785747
0.784961
0.784176
0.783392
0.782609
0.781826
0.781044
0.780263
0.779483
0.778703
0.777925
0.777147
0.776370
0.775593
0.774818
0.774043
0.773269
0.772496
0.771723
0.770951
0.770180
0.769410
0.768641
0.767872
0.767104
0.766337
0.765571
0.764805
0.764040
0.763276
0.762513
0.761751
0.760989
0.760228
0.759468
0.758708
0.757949
0.757191
0.756434
0.755678
0.754922
0.754167
0.753413
0.752660
0.751907
0.751155
0.750404
0.749654
0.748904
0.748155
0.747407
0.746659
0.745913
0.745167
0.744422
0.743677
0.742934
0.742191
0.741448
0.740707
0.739966
0.739226
0.738487
0.737749
0.737011
0.736274
0.735538
0.734802
0.734067
0.733333
0.732600
0.731867
0.731135
0.730404
0.729674
0.728944
0.728215
0.727487
0.726760
0.726033
0.725307
0.724581
0.723857
0.723133
0.722410
0.721687
0.720966
0.720245
0.719525
0.718805
0.718086
0.717368
0.716651
0.715934
0.715218
0.714503
0.713788
0.713075
0.712362
0.711649
0.710938
0.710227
0.709516
0.708807
0.708098
0.707390
0.706683
0.705976
0.705270
0.704565
0.703860
0.703156
0.702453
0.701751
0.701049
0.700348
0.699648
0.698948
0.698249
0.697551
0.696853
0.696156
0.695460
0.694765
0.694070
0.693376
0.692682
0.691990
0.691298
0.690606
0.689916
0.689226
0.688537
0.687848
0.687160
0.686473
0.685787
0.685101
0.684416
0.683731
0.683048
0.682365
0.681682
0.681001
0.680320
0.679639
0.678960
0.678281
0.677602
0.676925
0.676248
0.675572
0.674896
0.674221
0.673547
0.672873
0.672200
0.671528
0.670857
0.670186
0.669516
0.668846
0.668177
0.667509
0.666842
0.666175
0.665509
0.664843
0.664178
0.663514
0.662851
0.662188
0.661526
0.660864
0.660203
0.659543
0.658883
0.658225
0.657566
0.656909
0.656252
0.655596
0.654940
0.654285
0.653631
0.652977
0.652324
0.651672
0.651020
0.650369
0.649719
0.649069
0.648420
0.647772
0.647124
0.646477
0.645830
0.645184
0.644539
0.643895
0.643251
0.642608
0.641965
0.641323
0.640682
0.640041
0.639401
0.638761
0.638123
0.637485
0.636847
0.636210
0.635574
0.634938
0.634304
0.633669
0.633036
0.632403
0.631770
0.631138
0.630507
0.629877
0.629247
0.628618
0.627989
0.627361
0.626734
0.626107
0.625481
0.624855
0.624230
0.623606
0.622983
0.622360
0.621737
0.621116
0.620494
0.619874
0.619254
0.618635
0.618016
0.617398
0.616781
0.616164
0.615548
0.614932
0.614317
0.613703
0.613089
0.612476
0.611864
0.611252
0.610641
0.610030
0.609420
0.608811
0.608202
0.607594
0.606986
0.606379
0.605773
0.605167
0.604562
0.603957
0.603353
0.602750
0.602147
0.601545
0.600943
0.600342
0.599742
0.599142
0.598543
0.597945
0.597347
0.596749
0.596153
0.595556
0.594961
0.594366
0.593772
0.593178
0.592585
0.591992
0.591400
0.590809
0.590218
0.589628
0.589038
0.588449
0.587860
0.587273
0.586685
0.586099
0.585513
0.584927
0.584342
0.583758
0.583174
0.582591
0.582008
0.581426
0.580845
0.580264
0.579684
0.579104
0.578525
0.577946
0.577368
0.576791
0.576214
0.575638
0.575062
0.574487
0.573913
0.573339
0.572766
0.572193
0.571621
0.571049
0.570478
0.569908
0.569338
0.568768
0.568200
0.567631
0.567064
0.566497
0.565930
0.565364
0.564799
0.564234
0.563670
0.563106
0.562543
0.561980
0.561418
0.560857
0.560296
0.559736
0.559176
0.558617
0.558058
0.557500
0.556943
0.556386
0.555829
0.555274
0.554718
0.554164
0.553610
0.553056
0.552503
0.551950
0.551398
0.550847
0.550296
0.549746
0.549196
0.548647
0.548098
0.547550
0.547003
0.546456
0.545909
0.545363
0.544818
0.544273
0.543729
0.543185
0.542642
0.542099
0.541557
0.541016
0.540475
0.539934
0.539394
0.538855
0.538316
0.537778
0.537240
0.536703
0.536166
0.535630
0.535094
0.534559
0.534024
0.533490
0.532957
0.532424
0.531892
0.531360
0.530828
0.530297
0.529767
0.529237
0.528708
0.528179
0.527651
0.527124
0.526596
0.526070
0.525544
0.525018
0.524493
0.523969
0.523445
0.522921
0.522398
0.521876
0.521354
0.520833
0.520312
0.519792
0.519272
0.518753
0.518234
0.517716
0.517198
0.516681
0.516164
0.515648
0.515132
0.514617
0.514102
0.513588
0.513075
0.512562
0.512049
0.511537
0.511026
0.510515
0.510004
0.509494
0.508984
0.508476
0.507967
0.507459
0.506952
0.506445
0.505938
0.505432
0.504927
0.504422
0.503917
0.503414
0.502910
0.502407
0.501905
0.501403
0.500902
0.500401
0.499900
0.499400
0.498901
0.498402
0.497904
0.497406
0.496908
0.496411
0.495915
0.495419
0.494924
0.494429
0.493934
0.493440
0.492947
0.492454
0.491962
0.491470
0.490978
0.490487
0.489997
0.489507
0.489017
0.488528
0.488040
0.487552
0.487064
0.486577
0.486090
0.485604
0.485119
0.484634
0.484149
0.483665
0.483181
0.482698
0.482215
0.481733
0.481251
0.480770
0.480289
0.479809
0.479329
0.478850
0.478371
0.477893
0.477415
0.476937
0.476460
0.475984
0.475508
0.475032
0.474557
0.474083
0.473609
0.473135
0.472662
0.472189
0.471717
0.471245
0.470774
0.470303
0.469833
0.469363
0.468894
0.468425
0.467957
0.467489
0.467021
0.466554
0.466088
0.465621
0.465156
0.464691
0.464226
0.463762
0.463298
0.462835
0.462372
0.461910
0.461448
0.460986
0.460525
0.460065
0.459605
0.459145
0.458686
0.458227
0.457769
0.457311
0.456854
0.456397
0.455941
0.455485
0.455029
0.454574
0.454120
0.453665
0.453212
0.452759
0.452306
0.451854
0.451402
0.450950
0.450499
0.450049
0.449599
0.449149
0.448700
0.448251
0.447803
0.447355
0.446908
0.446461
0.446015
0.445569
0.445123
0.444678
0.444233
0.443789
0.443345
0.442902
0.442459
0.442016
0.441574
0.441133
0.440692
0.440251
0.439811
0.439371
0.438932
0.438493
0.438054
0.437616
0.437178
0.436741
0.436305
0.435868
0.435432
0.434997
0.434562
0.434127
0.433693
0.433260
0.432826
0.432393
0.431961
0.431529
0.431098
0.430666
0.430236
0.429806
0.429376
0.428946
0.428517
0.428089
0.427661
0.427233
0.426806
0.426379
0.425953
0.425527
0.425101
0.424676
0.424252
0.423827
0.423403
0.422980
0.422557
0.422135
0.421712
0.421291
0.420869
0.420448
0.420028
0.419608
0.419188
0.418769
0.418350
0.417932
0.417514
0.417097
0.416680
0.416263
0.415847
0.415431
0.415015
0.414600
0.414186
0.413772
0.413358
0.412944
0.412531
0.412119
0.411707
0.411295
0.410884
0.410473
0.410062
0.409652
0.409243
0.408833
0.408425
0.408016
0.407608
0.407201
0.406793
0.406387
0.405980
0.405574
0.405169
0.404764
0.404359
0.403954
0.403550
0.403147
0.402744
0.402341
0.401939
0.401537
0.401135
0.400734
0.400333
0.399933
0.399533
0.399134
0.398734
0.398336
0.397937
0.397539
0.397142
0.396745
0.396348
0.395952
0.395556
0.395160
0.394765
0.394370
0.393976
0.393582
0.393188
0.392795
0.392402
0.392010
0.391618
0.391226
0.390835
0.390444
0.390054
0.389664
0.389274
0.388885
0.388496
0.388107
0.387719
0.387332
0.386944
0.386557
0.386171
0.385785
0.385399
0.385013
0.384628
0.384244
0.383859
0.383476
0.383092
0.382709
0.382326
0.381944
0.381562
0.381180
0.380799
0.380418
0.380038
0.379658
0.379278
0.378899
0.378520
0.378142
0.377764
0.377386
0.377008
0.376631
0.376255
0.375878
0.375503
0.375127
0.374752
0.374377
0.374003
0.373629
0.373255
0.372882
0.372509
0.372137
0.371764
0.371393
0.371021
0.370650
0.370280
0.369909
0.369539
0.369170
0.368801
0.368432
0.368063
0.367695
0.367328
0.366960
0.366593
0.366227
0.365861
0.365495
0.365129
0.364764
0.364399
0.364035
0.363671
0.363307
0.362944
0.362581
0.362218
0.361856
0.361494
0.361133
0.360772
0.360411
0.360051
0.359690
0.359331
0.358971
0.358613
0.358254
0.357896
0.357538
0.357180
0.356823
0.356466
0.356110
0.355754
0.355398
0.355042
0.354687
0.354333
0.353978
0.353624
0.353271
0.352918
0.352565
0.352212
0.351860
0.351508
0.351156
0.350805
0.350455
0.350104
0.349754
0.349404
0.349055
0.348706
0.348357
0.348009
0.347661
0.347313
0.346966
0.346619
0.346272
0.345926
0.345580
0.345234
0.344889
0.344544
0.344200
0.343855
0.343512
0.343168
0.342825
0.342482
0.342140
0.341797
0.341456
0.341114
0.340773
0.340432
0.340092
0.339752
0.339412
0.339073
0.338734
0.338395
0.338056
0.337718
0.337381
0.337043
0.336706
0.336370
0.336033
0.335697
0.335361
0.335026
0.334691
0.334356
0.334022
0.333688
0.333354
0.333021
0.332688
0.332355
0.332023
0.331691
0.331359
0.331028
0.330697
0.330366
0.330036
0.329706
0.329376
0.329047
0.328718
0.328389
0.328060
0.327732
0.327405
0.327077
0.326750
0.326423
0.326097
0.325771
0.325445
0.325120
0.324795
0.324470
0.324145
0.323821
0.323497
0.323174
0.322851
0.322528
0.322205
0.321883
0.321561
0.321240
0.320918
0.320597
0.320277
0.319957
0.319637
0.319317
0.318998
0.318679
0.318360
0.318042
0.317724
0.317406
0.317088
0.316771
0.316455
0.316138
0.315822
0.315506
0.315191
0.314876
0.314561
0.314246
0.313932
0.313618
0.313304
0.312991
0.312678
0.312365
0.312053
0.311741
0.311429
0.311118
0.310807
0.310496
0.310185
0.309875
0.309565
0.309256
0.308946
0.308637
0.308329
0.308021
0.307712
0.307405
0.307097
0.306790
0.306483
0.306177
0.305871
0.305565
0.305259
0.304954
0.304649
0.304345
0.304040
0.303736
0.303432
0.303129
0.302826
0.302523
0.302220
0.301918
0.301616
0.301315
0.301013
0.300712
0.300412
0.300111
0.299811
0.299511
0.299212
0.298913
0.298614
0.298315
0.298017
0.297719
0.297421
0.297124
0.296827
0.296530
0.296233
0.295937
0.295641
0.295345
0.295050
0.294755
0.294460
0.294166
0.293872
0.293578
0.293284
0.292991
0.292698
0.292405
0.292113
0.291821
0.291529
0.291237
0.290946
0.290655
0.290364
0.290074
0.289784
0.289494
0.289205
0.288916
0.288627
0.288338
0.288050
0.287762
0.287474
0.287186
0.286899
0.286612
0.286326
0.286039
0.285753
0.285468
0.285182
0.284897
0.284612
0.284327
0.284043
0.283759
0.283475
0.283192
0.282909
0.282626
0.282343
0.282061
0.281779
0.281497
0.281215
0.280934
0.280653
0.280373
0.280092
0.279812
0.279532
0.279253
0.278974
0.278695
0.278416
0.278137
0.277859
0.277581
0.277304
0.277027
0.276750
0.276473
0.276196
0.275920
0.275644
0.275369
0.275093
0.274818
0.274543
0.274269
0.273994
0.273720
0.273447
0.273173
0.272900
0.272627
0.272355
0.272082
0.271810
0.271538
0.271267
0.270996
0.270725
0.270454
0.270183
0.269913
0.269643
0.269374
0.269104
0.268835
0.268566
0.268298
0.268029
0.267761
0.267494
0.267226
0.266959
0.266692
0.266425
0.266159
0.265893
0.265627
0.265361
0.265096
0.264831
0.264566
0.264301
0.264037
0.263773
0.263509
0.263246
0.262982
0.262719
0.262457
0.262194
0.261932
0.261670
0.261409
0.261147
0.260886
0.260625
0.260364
0.260104
0.259844
0.259584
0.259325
0.259065
0.258806
0.258547
0.258289
0.258031
0.257772
0.257515
0.257257
0.257000
0.256743
0.256486
0.256230
0.255973
0.255718
0.255462
0.255206
0.254951
0.254696
0.254441
0.254187
0.253933
0.253679
0.253425
0.253172
0.252919
0.252666
0.252413
0.252161
0.251908
0.251657
0.251405
0.251154
0.250902
0.250651
0.250401
0.250150
0.249900
0.249650
0.249401
0.249151
0.248902
0.248653
0.248405
0.248156
0.247908
0.247660
0.247412
0.247165
0.246918
0.246671
0.246424
0.246178
0.245932
0.245686
0.245440
0.245195
0.244949
0.244704
0.244460
0.244215
0.243971
0.243727
0.243483
0.243240
0.242997
0.242754
0.242511
0.242268
0.242026
0.241784
0.241542
0.241301
0.241060
0.240818
0.240578
0.240337
0.240097
0.239857
0.239617
0.239377
0.239138
0.238899
0.238660
0.238421
0.238183
0.237944
0.237707
0.237469
0.237231
0.236994
0.236757
0.236520
0.236284
0.236048
0.235812
0.235576
0.235340
0.235105
0.234870
0.234635
0.234400
0.234166
0.233932
0.233698
0.233464
0.233231
0.232997
0.232764
0.232532
0.232299
0.232067
0.231835
0.231603
0.231371
0.231140
0.230909
0.230678
0.230447
0.230217
0.229986
0.229756
0.229527
0.229297
0.229068
0.228839
0.228610
0.228381
0.228153
0.227925
0.227697
0.227469
0.227242
0.227014
0.226787
0.226561
0.226334
0.226108
0.225882
0.225656
0.225430
0.225205
0.224979
0.224755
0.224530
0.224305
0.224081
0.223857
0.223633
0.223409
0.223186
0.222963
0.222740
0.222517
0.222295
0.222072
0.221850
0.221628
0.221407
0.221185
0.220964
0.220743
0.220522
0.220302
0.220082
0.219861
0.219642
0.219422
0.219203
0.218983
0.218764
0.218546
0.218327
0.218109
0.217891
0.217673
0.217455
0.217238
0.217020
0.216803
0.216587
0.216370
0.216154
0.215937
0.215722
0.215506
0.215290
0.215075
0.214860
0.214645
0.214430
0.214216
0.214002
0.213788
0.213574
0.213360
0.213147
0.212934
0.212721
0.212508
0.212296
0.212083
0.211871
0.211659
0.211448
0.211236
0.211025
0.210814
0.210603
0.210393
0.210182
0.209972
0.209762
0.209552
0.209343
0.209133
0.208924
0.208715
0.208507
0.208298
0.208090
0.207882
0.207674
0.207466
0.207259
0.207052
0.206844
0.206638
0.206431
0.206225
0.206018
0.205812
0.205607
0.205401
0.205196
0.204990
0.204785
0.204581
0.204376
0.204172
0.203967
0.203763
0.203560
0.203356
0.203153
0.202950
0.202747
0.202544
0.202341
0.202139
0.201937
0.201735
0.201533
0.201332
0.201130
0.200929
0.200728
0.200528
0.200327
0.200127
0.199927
0.199727
0.199527
0.199327
0.199128
0.198929
0.198730
0.198531
0.198333
0.198134
0.197936
0.197738
0.197541
0.197343
0.197146
0.196949
0.196752
0.196555
0.196358
0.196162
0.195966
0.195770
0.195574
0.195379
0.195183
0.194988
0.194793
0.194598
0.194404
0.194209
0.194015
0.193821
0.193627
0.193433
0.193240
0.193047
0.192854
0.192661
0.192468
0.192276
0.192084
0.191891
0.191700
0.191508
0.191316
0.191125
0.190934
0.190743
0.190552
0.190362
0.190171
0.189981
0.189791
0.189601
0.189412
0.189222
0.189033
0.188844
0.188655
0.188467
0.188278
0.188090
0.187902
0.187714
0.187526
0.187339
0.187151
0.186964
0.186777
0.186590
0.186404
0.186217
0.186031
0.185845
0.185659
0.185474
0.185288
0.185103
0.184918
0.184733
0.184548
0.184364
0.184179
0.183995
0.183811
0.183627
0.183444
0.183260
0.183077
0.182894
0.182711
0.182528
0.182346
0.182163
0.181981
0.181799
0.181617
0.181436
0.181254
0.181073
0.180892
0.180711
0.180530
0.180350
0.180170
0.179989
0.179809
0.179630
0.179450
0.179270
0.179091
0.178912
0.178733
0.178554
0.178376
0.178198
0.178019
0.177841
0.177663
0.177486
0.177308
0.177131
0.176954
0.176777
0.176600
0.176424
0.176247
0.176071
0.175895
0.175719
0.175543
0.175368
0.175192
0.175017
0.174842
0.174667
0.174493
0.174318
0.174144
0.173970
0.173796
0.173622
0.173448
0.173275
0.173102
0.172928
0.172755
0.172583
0.172410
0.172238
0.172065
0.171893
0.171722
0.171550
0.171378
0.171207
0.171036
0.170865
0.170694
0.170523
0.170353
0.170182
0.170012
0.169842
0.169672
0.169503
0.169333
0.169164
0.168995
0.168826
0.168657
0.168488
0.168320
0.168151
0.167983
0.167815
0.167647
0.167479
0.167312
0.167145
0.166977
0.166810
0.166644
0.166477
0.166311
0.166144
0.165978
0.165812
0.165646
0.165481
0.165315
0.165150
0.164985
0.164820
0.164655
0.164490
0.164326
0.164161
0.163997
0.163833
0.163669
0.163506
0.163342
0.163179
0.163016
0.162853
0.162690
0.162527
0.162365
0.162202
0.162040
0.161878
0.161716
0.161554
0.161393
0.161232
0.161070
0.160909
0.160748
0.160588
0.160427
0.160267
0.160106
0.159946
0.159786
0.159626
0.159467
0.159307
0.159148
0.158989
0.158830
0.158671
0.158512
0.158354
0.158196
0.158037
0.157879
0.157721
0.157564
0.157406
0.157249
0.157091
0.156934
0.156777
0.156621
0.156464
0.156308
0.156151
0.155995
0.155839
0.155683
0.155528
0.155372
0.155217
0.155062
0.154906
0.154752
0.154597
0.154442
0.154288
0.154133
0.153979
0.153825
0.153672
0.153518
0.153364
0.153211
0.153058
0.152905
0.152752
0.152599
0.152446
0.152294
0.152142
0.151990
0.151838
0.151686
0.151534
0.151383
0.151231
0.151080
0.150929
0.150778
0.150627
0.150476
0.150326
0.150176
0.150026
0.149875
0.149726
0.149576
0.149426
0.149277
0.149128
0.148978
0.148829
0.148681
0.148532
0.148383
0.148235
0.148087
0.147939
0.147791
0.147643
0.147495
0.147348
0.147201
0.147053
0.146906
0.146759
0.146613
0.146466
0.146320
0.146173
0.146027
0.145881
0.145735
0.145589
0.145444
0.145298
0.145153
0.145008
0.144863
0.144718
0.144573
0.144429
0.144284
0.144140
0.143996
0.143852
0.143708
0.143564
0.143421
0.143277
0.143134
0.142991
0.142848
0.142705
0.142562
0.142420
0.142277
0.142135
0.141993
0.141851
0.141709
0.141567
0.141426
0.141284
0.141143
0.141002
0.140861
0.140720
0.140579
0.140439
0.140298
0.140158
0.140018
0.139878
0.139738
0.139598
0.139459
0.139319
0.139180
0.139041
0.138902
0.138763
0.138624
0.138485
0.138347
0.138209
0.138070
0.137932
0.137794
0.137657
0.137519
0.137381
0.137244
0.137107
0.136970
0.136833
0.136696
0.136559
0.136423
0.136286
0.136150
0.136014
0.135878
0.135742
0.135606
0.135471
0.135335
0.135200
0.135065
0.134929
0.134795
0.134660
0.134525
0.134391
0.134256
0.134122
0.133988
0.133854
0.133720
0.133586
0.133453
0.133319
0.133186
0.133053
0.132920
0.132787
0.132654
0.132521
0.132389
0.132256
0.132124
0.131992
0.131860
0.131728
0.131596
0.131465
0.131333
0.131202
0.131071
0.130940
0.130809
0.130678
0.130547
0.130417
0.130286
0.130156
0.130026
0.129896
0.129766
0.129636
0.129507
0.129377
0.129248
0.129118
0.128989
0.128860
0.128731
0.128603
0.128474
0.128346
0.128217
0.128089
0.127961
0.127833
0.127705
0.127578
0.127450
0.127323
0.127195
0.127068
0.126941
0.126814
0.126687
0.126560
0.126434
0.126307
0.126181
0.126055
0.125929
0.125803
0.125677
0.125552
0.125426
0.125301
0.125175
0.125050
0.124925
0.124800
0.124675
0.124551
0.124426
0.124302
0.124177
0.124053
0.123929
0.123805
0.123681
0.123558
0.123434
0.123311
0.123187
0.123064
0.122941
0.122818
0.122695
0.122573
0.122450
0.122328
0.122205
0.122083
0.121961
0.121839
0.121717
0.121596
0.121474
0.121352
0.121231
0.121110
0.120989
0.120868
0.120747
0.120626
0.120506
0.120385
0.120265
0.120144
0.120024
0.119904
0.119784
0.119665
0.119545
0.119425
0.119306
0.119187
0.119067
0.118948
0.118829
0.118711
0.118592
0.118473
0.118355
0.118236
0.118118
0.118000
0.117882
0.117764
0.117646
0.117529
0.117411
0.117294
0.117177
0.117059
0.116942
0.116825
0.116709
0.116592
0.116475
0.116359
0.116242
0.116126
0.116010
0.115894
0.115778
0.115662
0.115547
0.115431
0.115316
0.115200
0.115085
0.114970
0.114855
0.114740
0.114626
0.114511
0.114396
0.114282
0.114168
0.114054
0.113940
0.113826
0.113712
0.113598
0.113484
0.113371
0.113258
0.113144
0.113031
0.112918
0.112805
0.112692
0.112580
0.112467
0.112355
0.112242
0.112130
0.112018
0.111906
0.111794
0.111682
0.111571
0.111459
0.111348
0.111236
0.111125
0.111014
0.110903
0.110792
0.110681
0.110570
0.110460
0.110349
0.110239
0.110129
0.110019
0.109909
0.109799
0.109689
0.109579
0.109470
0.109360
0.109251
0.109142
0.109032
0.108923
0.108815
0.108706
0.108597
0.108488
0.108380
0.108272
0.108163
0.108055
0.107947
0.107839
0.107731
0.107624
0.107516
0.107408
0.107301
0.107194
0.107086
0.106979
0.106872
0.106766
0.106659
0.106552
0.106446
0.106339
0.106233
0.106127
0.106020
0.105914
0.105808
0.105703
0.105597
0.105491
0.105386
0.105281
0.105175
0.105070
0.104965
0.104860
0.104755
0.104650
0.104546
0.104441
0.104337
0.104232
0.104128
0.104024
0.103920
0.103816
0.103712
0.103609
0.103505
0.103401
0.103298
0.103195
0.103092
0.102988
0.102886
0.102783
0.102680
0.102577
0.102475
0.102372
0.102270
0.102167
0.102065
0.101963
0.101861
0.101759
0.101658
0.101556
0.101454
0.101353
0.101252
0.101150
0.101049
0.100948
0.100847
0.100746
0.100646
0.100545
0.100444
0.100344
0.100244
0.100143
0.100043
0.099943
0.099843
0.099743
0.099644
0.099544
0.099445
0.099345
0.099246
0.099146
0.099047
0.098948
0.098849
0.098750
0.098652
0.098553
0.098455
0.098356
0.098258
0.098159
0.098061
0.097963
0.097865
0.097767
0.097670
0.097572
0.097474
0.097377
0.097280
0.097182
0.097085
0.096988
0.096891
0.096794
0.096697
0.096601
0.096504
0.096408
0.096311
0.096215
0.096119
0.096022
0.095926
0.095831
0.095735
0.095639
0.095543
0.095448
0.095352
0.095257
0.095162
0.095067
0.094971
0.094877
0.094782
0.094687
0.094592
0.094498
0.094403
0.094309
0.094214
0.094120
0.094026
0.093932
0.093838
0.093744
0.093650
0.093557
0.093463
0.093370
0.093276
0.093183
0.093090
0.092997
0.092904
0.092811
0.092718
0.092625
0.092533
0.092440
0.092348
0.092256
0.092163
0.092071
0.091979
0.091887
0.091795
0.091703
0.091612
0.091520
0.091429
0.091337
0.091246
0.091155
0.091063
0.090972
0.090881
0.090790
0.090700
0.090609
0.090518
0.090428
0.090337
0.090247
0.090157
0.090067
0.089977
0.089887
0.089797
0.089707
0.089617
0.089528
0.089438
0.089349
0.089259
0.089170
0.089081
0.088992
0.088903
0.088814
0.088725
0.088636
0.088548
0.088459
0.088371
0.088282
0.088194
0.088106
0.088018
0.087930
0.087842
0.087754
0.087666
0.087579
0.087491
0.087403
0.087316
0.087229
0.087142
0.087054
0.086967
0.086880
0.086793
0.086707
0.086620
0.086533
0.086447
0.086360
0.086274
0.086188
0.086102
0.086015
0.085929
0.085844
0.085758
0.085672
0.085586
0.085501
0.085415
0.085330
0.085244
0.085159
0.085074
0.084989
0.084904
0.084819
0.084734
0.084649
0.084565
0.084480
0.084396
0.084311
0.084227
0.084143
0.084059
0.083975
0.083891
0.083807
0.083723
0.083639
0.083556
0.083472
0.083389
0.083305
0.083222
0.083139
0.083056
0.082972
0.082890
0.082807
0.082724
0.082641
0.082558
0.082476
0.082393
0.082311
0.082229
0.082146
0.082064
0.081982
0.081900
0.081818
0.081737
0.081655
0.081573
0.081492
0.081410
0.081329
0.081247
0.081166
0.081085
0.081004
0.080923
0.080842
0.080761
0.080680
0.080600
0.080519
0.080439
0.080358
0.080278
0.080197
0.080117
0.080037
0.079957
0.079877
0.079797
0.079718
0.079638
0.079558
0.079479
0.079399
0.079320
0.079240
0.079161
0.079082
0.079003
0.078924
0.078845
0.078766
0.078687
0.078609
0.078530
0.078452
0.078373
0.078295
0.078216
0.078138
0.078060
0.077982
0.077904
0.077826
0.077748
0.077671
0.077593
0.077515
0.077438
0.077360
0.077283
0.077206
0.077128
0.077051
0.076974
0.076897
0.076820
0.076744
0.076667
0.076590
0.076514
0.076437
0.076361
0.076284
0.076208
0.076132
0.076056
0.075980
0.075904
0.075828
0.075752
0.075676
0.075600
0.075525
0.075449
0.075374
0.075299
0.075223
0.075148
0.075073
0.074998
0.074923
0.074848
0.074773
0.074698
0.074624
0.074549
0.074474
0.074400
0.074326
0.074251
0.074177
0.074103
0.074029
0.073955
0.073881
0.073807
0.073733
0.073659
0.073586
0.073512
0.073438
0.073365
0.073292
0.073218
0.073145
0.073072
0.072999
0.072926
0.072853
0.072780
0.072707
0.072635
0.072562
0.072489
0.072417
0.072345
0.072272
0.072200
0.072128
0.072056
0.071984
0.071912
0.071840
0.071768
0.071696
0.071624
0.071553
0.071481
0.071410
0.071338
0.071267
0.071196
0.071125
0.071053
0.070982
0.070911
0.070840
0.070770
0.070699
0.070628
0.070558
0.070487
0.070416
0.070346
0.070276
0.070205
0.070135
0.070065
0.069995
0.069925
0.069855
0.069785
0.069715
0.069646
0.069576
0.069507
0.069437
0.069368
0.069298
0.069229
0.069160
0.069091
0.069021
0.068952
0.068883
0.068815
0.068746
0.068677
0.068608
0.068540
0.068471
0.068403
0.068334
0.068266
0.068198
0.068130
0.068061
0.067993
0.067925
0.067857
0.067790
0.067722
0.067654
0.067586
0.067519
0.067451
0.067384
0.067316
0.067249
0.067182
0.067115
0.067048
0.066981
0.066914
0.066847
0.066780
0.066713
0.066646
0.066580
0.066513
0.066447
0.066380
0.066314
0.066247
0.066181
0.066115
0.066049
0.065983
0.065917
0.065851
0.065785
0.065719
0.065654
0.065588
0.065522
0.065457
0.065391
0.065326
0.065261
0.065195
0.065130
0.065065
0.065000
0.064935
0.064870
0.064805
0.064740
0.064676
0.064611
0.064546
0.064482
0.064417
0.064353
0.064289
0.064224
0.064160
0.064096
0.064032
0.063968
0.063904
0.063840
0.063776
0.063712
0.063649
0.063585
0.063521
0.063458
0.063394
0.063331
0.063268
0.063204
0.063141
0.063078
0.063015
0.062952
0.062889
0.062826
0.062763
0.062700
0.062638
0.062575
0.062513
0.062450
0.062388
0.062325
0.062263
0.062201
0.062138
0.062076
0.062014
0.061952
0.061890
0.061828
0.061767
0.061705
0.061643
0.061581
0.061520
0.061458
0.061397
0.061335
0.061274
0.061213
0.061152
0.061090
0.061029
0.060968
0.060907
0.060846
0.060786
0.060725
0.060664
0.060603
0.060543
0.060482
0.060422
0.060361
0.060301
0.060241
0.060181
0.060120
0.060060
0.060000
0.059940
0.059880
0.059820
0.059761
0.059701
0.059641
0.059581
0.059522
0.059462
0.059403
0.059343
0.059284
0.059225
0.059166
0.059106
0.059047
0.058988
0.058929
0.058870
0.058811
0.058753
0.058694
0.058635
0.058577
0.058518
0.058459
0.058401
0.058343
0.058284
0.058226
0.058168
0.058110
0.058051
0.057993
0.057935
0.057878
0.057820
0.057762
0.057704
0.057646
0.057589
0.057531
0.057474
0.057416
0.057359
0.057301
0.057244
0.057187
0.057130
0.057072
0.057015
0.056958
0.056901
0.056845
0.056788
0.056731
0.056674
0.056617
0.056561
0.056504
0.056448
0.056391
0.056335
0.056279
0.056222
0.056166
0.056110
0.056054
0.055998
0.055942
0.055886
0.055830
0.055774
0.055718
0.055663
0.055607
0.055551
0.055496
0.055440
0.055385
0.055330
0.055274
0.055219
0.055164
0.055109
0.055053
0.054998
0.054943
0.054888
0.054834
0.054779
0.054724
0.054669
0.054615
0.054560
0.054505
0.054451
0.054396
0.054342
0.054288
0.054233
0.054179
0.054125
0.054071
0.054017
0.053963
0.053909
0.053855
0.053801
0.053747
0.053693
0.053640
0.053586
0.053533
0.053479
0.053426
0.053372
0.053319
0.053265
0.053212
0.053159
0.053106
0.053053
0.053000
0.052947
0.052894
0.052841
0.052788
0.052735
0.052682
0.052630
0.052577
0.052525
0.052472
0.052420
0.052367
0.052315
0.052262
0.052210
0.052158
0.052106
0.052054
0.052002
0.051950
0.051898
0.051846
0.051794
0.051742
0.051690
0.051639
0.051587
0.051536
0.051484
0.051432
0.051381
0.051330
0.051278
0.051227
0.051176
0.051125
0.051074
0.051022
0.050971
0.050920
0.050870
0.050819
0.050768
0.050717
0.050666
0.050616
0.050565
0.050515
0.050464
0.050414
0.050363
0.050313
0.050262
0.050212
0.050162
0.050112
0.050062
0.050012
0.049962
0.049912
0.049862
0.049812
0.049762
0.049712
0.049663
0.049613
0.049563
0.049514
0.049464
0.049415
0.049365
0.049316
0.049267
0.049217
0.049168
0.049119
0.049070
0.049021
0.048972
0.048923
0.048874
0.048825
0.048776
0.048727
0.048679
0.048630
0.048581
0.048533
0.048484
0.048436
0.048387
0.048339
0.048291
0.048242
0.048194
0.048146
0.048098
0.048050
0.048002
0.047954
0.047906
0.047858
0.047810
0.047762
0.047714
0.047667
0.047619
0.047571
0.047524
0.047476
0.047429
0.047381
0.047334
0.047287
0.047239
0.047192
0.047145
0.047098
0.047051
0.047004
0.046957
0.046910
0.046863
0.046816
0.046769
0.046722
0.046676
0.046629
0.046582
0.046536
0.046489
0.046443
0.046396
0.046350
0.046303
0.046257
0.046211
0.046165
0.046119
0.046072
0.046026
0.045980
0.045934
0.045888
0.045843
0.045797
0.045751
0.045705
0.045659
0.045614
0.045568
0.045523
0.045477
0.045432
0.045386
0.045341
0.045295
0.045250
0.045205
0.045160
0.045115
0.045069
0.045024
0.044979
0.044934
0.044889
0.044845
0.044800
0.044755
0.044710
0.044665
0.044621
0.044576
0.044532
0.044487
0.044443
0.044398
0.044354
0.044309
0.044265
0.044221
0.044177
0.044132
0.044088
0.044044
0.044000
0.043956
0.043912
0.043868
0.043824
0.043781
0.043737
0.043693
0.043649
0.043606
0.043562
0.043519
0.043475
0.043432
0.043388
0.043345
0.043301
0.043258
0.043215
0.043172
0.043128
0.043085
0.043042
0.042999
0.042956
0.042913
0.042870
0.042827
0.042785
0.042742
0.042699
0.042656
0.042614
0.042571
0.042529
0.042486
0.042444
0.042401
0.042359
0.042316
0.042274
0.042232
0.042189
0.042147
0.042105
0.042063
0.042021
0.041979
0.041937
0.041895
0.041853
0.041811
0.041769
0.041728
0.041686
0.041644
0.041603
0.041561
0.041519
0.041478
0.041436
0.041395
0.041354
0.041312
0.041271
0.041230
0.041188
0.041147
0.041106
0.041065
0.041024
0.040983
0.040942
0.040901
0.040860
0.040819
0.040778
0.040738
0.040697
0.040656
0.040616
0.040575
0.040534
0.040494
0.040453
0.040413
0.040373
0.040332
0.040292
0.040252
0.040211
0.040171
0.040131
0.040091
0.040051
0.040011
0.039971
0.039931
0.039891
0.039851
0.039811
0.039771
0.039731
0.039692
0.039652
0.039612
0.039573
0.039533
0.039494
0.039454
0.039415
0.039375
0.039336
0.039296
0.039257
0.039218
0.039179
0.039140
0.039100
0.039061
0.039022
0.038983
0.038944
0.038905
0.038866
0.038828
0.038789
0.038750
0.038711
0.038672
0.038634
0.038595
0.038557
0.038518
0.038479
0.038441
0.038403
0.038364
0.038326
0.038287
0.038249
0.038211
0.038173
0.038135
0.038096
0.038058
0.038020
0.037982
0.037944
0.037906
0.037868
0.037831
0.037793
0.037755
0.037717
0.037679
0.037642
0.037604
0.037567
0.037529
0.037491
0.037454
0.037416
0.037379
0.037342
0.037304
0.037267
0.037230
0.037193
0.037155
0.037118
0.037081
0.037044
0.037007
0.036970
0.036933
0.036896
0.036859
0.036822
0.036785
0.036749
0.036712
0.036675
0.036639
0.036602
0.036565
0.036529
0.036492
0.036456
0.036419
0.036383
0.036346
0.036310
0.036274
0.036238
0.036201
0.036165
0.036129
0.036093
0.036057
0.036021
0.035985
0.035949
0.035913
0.035877
0.035841
0.035805
0.035769
0.035733
0.035698
0.035662
0.035626
0.035591
0.035555
0.035520
0.035484
0.035449
0.035413
0.035378
0.035342
0.035307
0.035272
0.035236
0.035201
0.035166
0.035131
0.035096
0.035061
0.035026
0.034991
0.034956
0.034921
0.034886
0.034851
0.034816
0.034781
0.034746
0.034712
0.034677
0.034642
0.034608
0.034573
0.034538
0.034504
0.034469
0.034435
0.034400
0.034366
0.034332
0.034297
0.034263
0.034229
0.034195
0.034160
0.034126
0.034092
0.034058
0.034024
0.033990
0.033956
0.033922
0.033888
0.033854
0.033820
0.033786
0.033753
0.033719
0.033685
0.033652
0.033618
0.033584
0.033551
0.033517
0.033484
0.033450
0.033417
0.033383
0.033350
0.033317
0.033283
0.033250
0.033217
0.033183
0.033150
0.033117
0.033084
0.033051
0.033018
0.032985
0.032952
0.032919
0.032886
0.032853
0.032820
0.032787
0.032755
0.032722
0.032689
0.032656
0.032624
0.032591
0.032559
0.032526
0.032494
0.032461
0.032429
0.032396
0.032364
0.032331
0.032299
0.032267
0.032234
0.032202
0.032170
0.032138
0.032106
0.032074
0.032042
0.032010
0.031977
0.031946
0.031914
0.031882
0.031850
0.031818
0.031786
0.031754
0.031723
0.031691
0.031659
0.031627
0.031596
0.031564
0.031533
0.031501
0.031470
0.031438
0.031407
0.031375
0.031344
0.031313
0.031281
0.031250
0.031219
0.031188
0.031156
0.031125
0.031094
0.031063
0.031032
0.031001
0.030970
0.030939
0.030908
0.030877
0.030846
0.030815
0.030785
0.030754
0.030723
0.030692
0.030662
0.030631
0.030600
0.030570
0.030539
0.030509
0.030478
0.030448
0.030417
0.030387
0.030356
0.030326
0.030296
0.030265
0.030235
0.030205
0.030175
0.030145
0.030114
0.030084
0.030054
0.030024
0.029994
0.029964
0.029934
0.029904
0.029874
0.029844
0.029815
0.029785
0.029755
0.029725
0.029695
0.029666
0.029636
0.029606
0.029577
0.029547
0.029518
0.029488
0.029459
0.029429
0.029400
0.029370
0.029341
0.029312
0.029282
0.029253
0.029224
0.029195
0.029165
0.029136
0.029107
0.029078
0.029049
0.029020
0.028991
0.028962
0.028933
0.028904
0.028875
0.028846
0.028817
0.028789
0.028760
0.028731
0.028702
0.028674
0.028645
0.028616
0.028588
0.028559
0.028531
0.028502
0.028474
0.028445
0.028417
0.028388
0.028360
0.028331
0.028303
0.028275
0.028247
0.028218
0.028190
0.028162
0.028134
0.028106
0.028077
0.028049
0.028021
0.027993
0.027965
0.027937
0.027909
0.027882
0.027854
0.027826
0.027798
0.027770
0.027742
0.027715
0.027687
0.027659
0.027632
0.027604
0.027576
0.027549
0.027521
0.027494
0.027466
0.027439
0.027411
0.027384
0.027357
0.027329
0.027302
0.027275
0.027247
0.027220
0.027193
0.027166
0.027138
0.027111
0.027084
0.027057
0.027030
0.027003
0.026976
0.026949
0.026922
0.026895
0.026868
0.026841
0.026815
0.026788
0.026761
0.026734
0.026707
0.026681
0.026654
0.026627
0.026601
0.026574
0.026548
0.026521
0.026495
0.026468
0.026442
0.026415
0.026389
0.026362
0.026336
0.026310
0.026283
0.026257
0.026231
0.026205
0.026178
0.026152
0.026126
0.026100
0.026074
0.026048
0.026022
0.025996
0.025970
0.025944
0.025918
0.025892
0.025866
0.025840
0.025814
0.025788
0.025763
0.025737
0.025711
0.025685
0.025660
0.025634
0.025608
0.025583
0.025557
0.025532
0.025506
0.025481
0.025455
0.025430
0.025404
0.025379
0.025353
0.025328
0.025303
0.025278
0.025252
0.025227
0.025202
0.025177
0.025151
0.025126
0.025101
0.025076
0.025051
0.025026
0.025001
0.024976
0.024951
0.024926
0.024901
0.024876
0.024851
0.024826
0.024802
0.024777
0.024752
0.024727
0.024702
0.024678
0.024653
0.024628
0.024604
0.024579
0.024555
0.024530
0.024506
0.024481
0.024457
0.024432
0.024408
0.024383
0.024359
0.024335
0.024310
0.024286
0.024262
0.024237
0.024213
0.024189
0.024165
0.024141
0.024116
0.024092
0.024068
0.024044
0.024020
0.023996
0.023972
0.023948
0.023924
0.023900
0.023876
0.023852
0.023829
0.023805
0.023781
0.023757
0.023733
0.023710
0.023686
0.023662
0.023639
0.023615
0.023591
0.023568
0.023544
0.023521
0.023497
0.023474
0.023450
0.023427
0.023403
0.023380
0.023356
0.023333
0.023310
0.023286
0.023263
0.023240
0.023217
0.023193
0.023170
0.023147
0.023124
0.023101
0.023078
0.023055
0.023032
0.023009
0.022986
0.022963
0.022940
0.022917
0.022894
0.022871
0.022848
0.022825
0.022802
0.022780
0.022757
0.022734
0.022711
0.022689
0.022666
0.022643
0.022621
0.022598
0.022575
0.022553
0.022530
0.022508
0.022485
0.022463
0.022440
0.022418
0.022395
0.022373
0.022351
0.022328
0.022306
0.022284
0.022261
0.022239
0.022217
0.022195
0.022172
0.022150
0.022128
0.022106
0.022084
0.022062
0.022040
0.022018
0.021996
0.021974
0.021952
0.021930
0.021908
0.021886
0.021864
0.021842
0.021820
0.021798
0.021777
0.021755
0.021733
0.021711
0.021690
0.021668
0.021646
0.021625
0.021603
0.021581
0.021560
0.021538
0.021517
0.021495
0.021474
0.021452
0.021431
0.021409
0.021388
0.021367
0.021345
0.021324
0.021303
0.021281
0.021260
0.021239
0.021218
0.021196
0.021175
0.021154
0.021133
0.021112
0.021091
0.021069
0.021048
0.021027
0.021006
0.020985
0.020964
0.020943
0.020922
0.020901
0.020881
0.020860
0.020839
0.020818
0.020797
0.020776
0.020756
0.020735
0.020714
0.020693
0.020673
0.020652
0.020631
0.020611
0.020590
0.020570
0.020549
0.020528
0.020508
0.020487
0.020467
0.020446
0.020426
0.020406
0.020385
0.020365
0.020344
0.020324
0.020304
0.020283
0.020263
0.020243
0.020223
0.020202
0.020182
0.020162
0.020142
0.020122
0.020102
0.020082
0.020061
0.020041
0.020021
0.020001
0.019981
0.019961
0.019941
0.019921
0.019902
0.019882
0.019862
0.019842
0.019822
0.019802
0.019782
0.019763
0.019743
0.019723
0.019703
0.019684
0.019664
0.019644
0.019625
0.019605
0.019585
0.019566
0.019546
0.019527
0.019507
0.019488
0.019468
0.019449
0.019429
0.019410
0.019390
0.019371
0.019352
0.019332
0.019313
0.019294
0.019274
0.019255
0.019236
0.019217
0.019197
0.019178
0.019159
0.019140
0.019121
0.019102
0.019083
0.019063
0.019044
0.019025
0.019006
0.018987
0.018968
0.018949
0.018930
0.018911
0.018893
0.018874
0.018855
0.018836
0.018817
0.018798
0.018780
0.018761
0.018742
0.018723
0.018705
0.018686
0.018667
0.018648
0.018630
0.018611
0.018593
0.018574
0.018555
0.018537
0.018518
0.018500
0.018481
0.018463
0.018444
0.018426
0.018407
0.018389
0.018371
0.018352
0.018334
0.018316
0.018297
0.018279
0.018261
0.018242
0.018224
0.018206
0.018188
0.018170
0.018151
0.018133
0.018115
0.018097
0.018079
0.018061
0.018043
0.018025
0.018007
0.017989
0.017971
0.017953
0.017935
0.017917
0.017899
0.017881
0.017863
0.017845
0.017827
0.017810
0.017792
0.017774
0.017756
0.017739
0.017721
0.017703
0.017685
0.017668
0.017650
0.017632
0.017615
0.017597
0.017579
0.017562
0.017544
0.017527
0.017509
0.017492
0.017474
0.017457
0.017439
0.017422
0.017404
0.017387
0.017370
0.017352
0.017335
0.017318
0.017300
0.017283
0.017266
0.017248
0.017231
0.017214
0.017197
0.017180
0.017162
0.017145
0.017128
0.017111
0.017094
0.017077
0.017060
0.017043
0.017026
0.017009
0.016992
0.016975
0.016958
0.016941
0.016924
0.016907
0.016890
0.016873
0.016856
0.016839
0.016822
0.016806
0.016789
0.016772
0.016755
0.016738
0.016722
0.016705
0.016688
0.016672
0.016655
0.016638
0.016622
0.016605
0.016588
0.016572
0.016555
0.016539
0.016522
0.016506
0.016489
0.016473
0.016456
0.016440
0.016423
0.016407
0.016390
0.016374
0.016358
0.016341
0.016325
0.016309
0.016292
0.016276
0.016260
0.016244
0.016227
0.016211
0.016195
0.016179
0.016162
0.016146
0.016130
0.016114
0.016098
0.016082
0.016066
0.016050
0.016034
0.016018
0.016002
0.015986
0.015970
0.015954
0.015938
0.015922
0.015906
0.015890
0.015874
0.015858
0.015842
0.015826
0.015811
0.015795
0.015779
0.015763
0.015747
0.015732
0.015716
0.015700
0.015685
0.015669
0.015653
0.015638
0.015622
0.015606
0.015591
0.015575
0.015560
0.015544
0.015528
0.015513
0.015497
0.015482
0.015466
0.015451
0.015435
0.015420
0.015405
0.015389
0.015374
0.015358
0.015343
0.015328
0.015312
0.015297
0.015282
0.015267
0.015251
0.015236
0.015221
0.015206
0.015190
0.015175
0.015160
0.015145
0.015130
0.015115
0.015099
0.015084
0.015069
0.015054
0.015039
0.015024
0.015009
0.014994
0.014979
0.014964
0.014949
0.014934
0.014919
0.014904
0.014889
0.014875
0.014860
0.014845
0.014830
0.014815
0.014800
0.014785
0.014771
0.014756
0.014741
0.014726
0.014712
0.014697
0.014682
0.014668
0.014653
0.014638
0.014624
0.014609
0.014594
0.014580
0.014565
0.014551
0.014536
0.014522
0.014507
0.014493
0.014478
0.014464
0.014449
0.014435
0.014420
0.014406
0.014391
0.014377
0.014363
0.014348
0.014334
0.014320
0.014305
0.014291
0.014277
0.014262
0.014248
0.014234
0.014220
0.014205
0.014191
0.014177
0.014163
0.014149
0.014135
0.014120
0.014106
0.014092
0.014078
0.014064
0.014050
0.014036
0.014022
0.014008
0.013994
0.013980
0.013966
0.013952
0.013938
0.013924
0.013910
0.013896
0.013882
0.013868
0.013855
0.013841
0.013827
0.013813
0.013799
0.013785
0.013772
0.013758
0.013744
0.013730
0.013717
0.013703
0.013689
0.013676
0.013662
0.013648
0.013635
0.013621
0.013607
0.013594
0.013580
0.013567
0.013553
0.013540
0.013526
0.013512
0.013499
0.013485
0.013472
0.013458
0.013445
0.013432
0.013418
0.013405
0.013391
0.013378
0.013365
0.013351
0.013338
0.013325
0.013311
0.013298
0.013285
0.013271
0.013258
0.013245
0.013232
0.013218
0.013205
0.013192
0.013179
0.013165
0.013152
0.013139
0.013126
0.013113
0.013100
0.013087
0.013074
0.013061
0.013047
0.013034
0.013021
0.013008
0.012995
0.012982
0.012969
0.012956
0.012943
0.012931
0.012918
0.012905
0.012892
0.012879
0.012866
0.012853
0.012840
0.012827
0.012815
0.012802
0.012789
0.012776
0.012763
0.012751
0.012738
0.012725
0.012712
0.012700
0.012687
0.012674
0.012662
0.012649
0.012636
0.012624
0.012611
0.012598
0.012586
0.012573
0.012561
0.012548
0.012536
0.012523
0.012511
0.012498
0.012486
0.012473
0.012461
0.012448
0.012436
0.012423
0.012411
0.012398
0.012386
0.012374
0.012361
0.012349
0.012337
0.012324
0.012312
0.012300
0.012287
0.012275
0.012263
0.012250
0.012238
0.012226
0.012214
0.012202
0.012189
0.012177
0.012165
0.012153
0.012141
0.012128
0.012116
0.012104
0.012092
0.012080
0.012068
0.012056
0.012044
0.012032
0.012020
0.012008
0.011996
0.011984
0.011972
0.011960
0.011948
0.011936
0.011924
0.011912
0.011900
0.011888
0.011876
0.011864
0.011853
0.011841
0.011829
0.011817
0.011805
0.011793
0.011782
0.011770
0.011758
0.011746
0.011735
0.011723
0.011711
0.011699
0.011688
0.011676
0.011664
0.011653
0.011641
0.011629
0.011618
0.011606
0.011595
0.011583
0.011571
0.011560
0.011548
0.011537
0.011525
0.011514
0.011502
0.011491
0.011479
0.011468
0.011456
0.011445
0.011433
0.011422
0.011410
0.011399
0.011388
0.011376
0.011365
0.011353
0.011342
0.011331
0.011319
0.011308
0.011297
0.011286
0.011274
0.011263
0.011252
0.011240
0.011229
0.011218
0.011207
0.011196
0.011184
0.011173
0.011162
0.011151
0.011140
0.011129
0.011117
0.011106
0.011095
0.011084
0.011073
0.011062
0.011051
0.011040
0.011029
0.011018
0.011007
0.010996
0.010985
0.010974
0.010963
0.010952
0.010941
0.010930
0.010919
0.010908
0.010897
0.010886
0.010875
0.010865
0.010854
0.010843
0.010832
0.010821
0.010810
0.010799
0.010789
0.010778
0.010767
0.010756
0.010746
0.010735
0.010724
0.010713
0.010703
0.010692
0.010681
0.010671
0.010660
0.010649
0.010639
0.010628
0.010617
0.010607
0.010596
0.010586
0.010575
0.010564
0.010554
0.010543
0.010533
0.010522
0.010512
0.010501
0.010491
0.010480
0.010470
0.010459
0.010449
0.010438
0.010428
0.010417
0.010407
0.010397
0.010386
0.010376
0.010365
0.010355
0.010345
0.010334
0.010324
0.010314
0.010303
0.010293
0.010283
0.010273
0.010262
0.010252
0.010242
0.010232
0.010221
0.010211
0.010201
0.010191
0.010180
0.010170
0.010160
0.010150
0.010140
0.010130
0.010120
0.010109
0.010099
0.010089
0.010079
0.010069
0.010059
0.010049
0.010039
0.010029
0.010019
0.010009
0.009999
0.009999
0.009999
0.009999
0.009999
0.009999
0.009999
0.009999
0.009999
0.009999
0.009999
0.009999
0.009999
0.009999
0.009999
0.009999
0.009999
0.009999
0.009999
0.009999
0.009999
0.009999
0.009999
0.009999
0.009999
0.009999
0.009999
0.009999
0.009999
0.009999
0.009999
0.009999
0.009999
0.009999
0.009999
0.009999
0.009999
0.009999
0.009999
0.009999
0.009999
0.009999
0.009999
0.009999
0.009999
0.009999
0.009999
0.009999
0.009999
0.009999
0.009999
0.009999
0.009999
0.009999
0.009999
0.009999
0.009999
0.009999
0.009999
0.009999
0.009999
0.009999
0.009999
0.009999
0.009999
0.009999
0.009999
0.009999
0.009999
0.009999
0.009999
0.009999
0.009999
0.009999
0.009999
0.009999
0.009999
0.009999
0.009999
0.009999
0.009999
0.009999
0.009999
0.009999
0.009999
0.009999
0.009999
0.009999
0.009999
0.009999
0.009999
0.009999
0.009999
0.009999
0.009999
0.009999
0.009999
0.009999
0.009999
0.009999
0.009999
0.009999
0.009999
0.009999
0.009999
0.009999
0.009999
0.009999
0.009999
0.009999
0.009999
0.009999
0.009999
0.009999
0.009999
0.009999
0.009999
0.009999
0.009999
0.009999
0.009999
0.009999
0.009999
0.009999
0.009999
0.009999
0.009999
0.009999
0.009999
0.009999
0.009999
0.009999
0.009999
0.009999
0.009999
0.009999
0.009999
0.009999
0.009999
0.009999
0.009999
0.009999
0.009999
0.009999
0.009999
0.009999
0.009999
0.009999
0.009999
0.009999
0.009999
0.009999
0.009999
0.009999
0.009999
0.009999
0.009999
0.009999
0.009999
0.009999
0.009999
0.009999
0.009999
0.009999
0.009999
0.009999
0.009999
0.009999
0.009999
0.009999
0.009999
0.009999
0.009999
0.009999
0.009999
0.009999
0.009999
0.009999
0.009999
0.009999
0.009999
0.009999
0.009999
0.009999
0.009999
0.009999
0.009999
0.009999
0.009999
0.009999
0.009999
0.009999
0.009999
0.009999
0.009999
0.009999
0.009999
0.009999
0.009999
0.009999
0.009999
0.009999
0.009999
0.009999
0.009999
0.009999
0.009999
0.009999
0.009999
0.009999
0.009999
0.009999
0.009999
0.009999
0.009999
0.009999
0.009999
0.009999
0.009999
0.009999
0.009999
0.009999
0.009999
0.009999
0.009999
0.009999
0.009999
0.009999
0.009999
0.009999
0.009999
0.009999
0.009999
0.009999
0.009999
0.009999
0.009999
0.009999
0.009999
0.009999
0.009999
0.009999
0.009999
0.009999
0.009999
0.009999
0.009999
0.009999
0.009999
0.009999
0.009999
0.009999
0.009999
0.009999
0.009999
0.009999
0.009999
0.009999
0.009999
0.009999
0.009999
0.009999
0.009999
0.009999
0.009999
0.009999
0.009999
0.009999
0.009999
0.009999
0.009999
0.009999
0.009999
0.009999
0.009999
0.009999
0.009999
0.009999
0.009999
0.009999
0.009999
0.009999
0.009999
0.009999
0.009999
0.009999
0.009999
0.009999
0.009999
0.009999
0.009999
0.009999
0.009999
0.009999
0.009999
0.009999
0.009999
0.009999
0.009999
0.009999
0.009999
0.009999
0.009999
0.009999
0.009999
0.009999
0.009999
0.009999
0.009999
0.009999
0.009999
0.009999
0.009999
0.009999
0.009999
0.009999
0.009999
0.009999
0.009999
0.009999
0.009999
0.009999
0.009999
0.009999
0.009999
0.009999
0.009999
0.009999
0.009999
0.009999
0.009999
0.009999
0.009999
0.009999
0.009999
0.009999
0.009999
0.009999
0.009999
0.009999
0.009999
0.009999
0.009999
0.009999
0.009999
0.009999
0.009999
0.009999
0.009999
0.009999
0.009999
0.009999
0.009999
0.009999
0.009999
0.009999
0.009999
0.009999
0.009999
0.009999
0.009999
0.009999
0.009999
0.009999
0.009999
0.009999
0.009999
0.009999
0.009999
0.009999
0.009999
0.009999
0.009999
0.009999
0.009999
0.009999
0.009999
0.009999
0.009999
0.009999
0.009999
0.009999
0.009999
0.009999
0.009999
0.009999
0.009999
0.009999
0.009999
0.009999
0.009999
0.009999
0.009999
0.009999
0.009999
0.009999
0.009999
0.009999
0.009999
0.009999
0.009999
0.009999
0.009999
0.009999
0.009999
0.009999
0.009999
0.009999
0.009999
0.009999
0.009999
0.009999
0.009999
0.009999
0.009999
0.009999
0.009999
0.009999
0.009999
0.009999
0.009999
0.009999
0.009999
0.009999
0.009999
0.009999
0.009999
0.009999
0.009999
0.009999
0.009999
0.009999
0.009999
0.009999
0.009999
0.009999
0.009999
0.009999
0.009999
0.009999
0.009999
0.009999
0.009999
0.009999
0.009999
0.009999
0.009999
0.009999
0.009999
0.009999
0.009999
0.009999
0.009999
0.009999
0.009999
0.009999
0.009999
0.009999
0.009999
0.009999
0.009999
0.009999
0.009999
0.009999
0.009999
0.009999
0.009999
0.009999
0.009999
0.009999
0.009999
0.009999
0.009999
0.009999
0.009999
0.009999
0.009999
0.009999
0.009999
0.009999
0.009999
0.009999
0.009999
0.009999
0.009999
0.009999
0.009999
0.009999
0.009999
0.009999
0.009999
0.009999
0.009999
0.009999
0.009999
0.009999
0.009999
0.009999
0.009999
0.009999
0.009999
0.009999
0.009999
0.009999
0.009999
0.009999
0.009999
0.009999
0.009999
0.009999
0.009999
0.009999
0.009999
0.009999
0.009999
0.009999
0.009999
0.009999
0.009999
0.009999
0.009999
0.009999
0.009999
0.009999
0.009999
0.009999
0.009999
0.009999
0.009999
0.009999
0.009999
0.009999
0.009999
0.009999
0.009999
0.009999
0.009999
0.009999
0.009999
0.009999
0.009999
0.009999
0.009999
0.009999
0.009999
0.009999
0.009999
0.009999
0.009999
0.009999
0.009999
0.009999
0.009999
0.009999
0.009999
0.009999
0.009999
0.009999
0.009999
0.009999
0.009999
0.009999
0.009999
0.009999
0.009999
0.009999
0.009999
0.009999
0.009999
0.009999
0.009999
0.009999
0.009999
0.009999
0.009999
0.009999
0.009999
0.009999
0.009999
0.009999
0.009999
0.009999
0.009999
0.009999
0.009999
0.009999
0.009999
0.009999
0.009999
0.009999
0.009999
0.009999
0.009999
0.009999
0.009999
0.009999
0.009999
0.009999
0.009999
0.009999
0.009999
0.009999
0.009999
0.009999
0.009999
0.009999
0.009999
0.009999
0.009999
0.009999
0.009999
0.009999
0.009999
0.009999
0.009999
0.009999
0.009999
0.009999
0.009999
0.009999
0.009999
0.009999
0.009999
0.009999
0.009999
0.009999
0.009999
0.009999
0.009999
0.009999
0.009999
0.009999
0.009999
0.009999
0.009999
0.009999
0.009999
0.009999
0.009999
0.009999
0.009999
0.009999
0.009999
0.009999
0.009999
0.009999
0.009999
0.009999
0.009999
0.009999
0.009999
0.009999
0.009999
0.009999
0.009999
0.009999
0.009999
0.009999
0.009999
0.009999
0.009999
0.009999
0.009999
0.009999
0.009999
0.009999
0.009999
0.009999
0.009999
0.009999
0.009999
0.009999
0.009999
0.009999
0.009999
0.009999
0.009999
0.009999
0.009999
0.009999
0.009999
0.009999
0.009999
0.009999
0.009999
0.009999
0.009999
0.009999
0.009999
0.009999
0.009999
0.009999
0.009999
0.009999
0.009999
0.009999
0.009999
0.009999
0.009999
0.009999
0.009999
0.009999
0.009999
0.009999
0.009999
0.009999
0.009999
0.009999
0.009999
0.009999
0.009999
0.009999
0.009999
0.009999
0.009999
0.009999
0.009999
0.009999
0.009999
0.009999
0.009999
0.009999
0.009999
0.009999
0.009999
0.009999
0.009999
0.009999
0.009999
0.009999
0.009999
0.009999
0.009999
0.009999
0.009999
0.009999
0.009999
0.009999
0.009999
0.009999
0.009999
0.009999
0.009999
0.009999
0.009999
0.009999
0.009999
0.009999
0.009999
0.009999
0.009999
0.009999
0.009999
0.009999
0.009999
0.009999
0.009999
0.009999
0.009999
0.009999
0.009999
0.009999
0.009999
0.009999
0.009999
0.009999
0.009999
0.009999
0.009999
0.009999
0.009999
0.009999
0.009999
0.009999
0.009999
0.009999
0.009999
0.009999
0.009999
0.009999
0.009999
0.009999
0.009999
0.009999
0.009999
0.009999
0.009999
0.009999
0.009999
0.009999
0.009999
0.009999
0.009999
0.009999
0.009999
0.009999
0.009999
0.009999
0.009999
0.009999
0.009999
0.009999
0.009999
0.009999
0.009999
0.009999
0.009999
0.009999
0.009999
0.009999
0.009999
0.009999
0.009999
0.009999
0.009999
0.009999
0.009999
0.009999
0.009999
0.009999
0.009999
0.009999
0.009999
0.009999
0.009999
0.009999
0.009999
0.009999
0.009999
0.009999
0.009999
0.009999
0.009999
0.009999
0.009999
0.009999
0.009999
0.009999
0.009999
0.009999
0.009999
0.009999
0.009999
0.009999
0.009999
0.009999
0.009999
0.009999
0.009999
0.009999
0.009999
0.009999
0.009999
0.009999
0.009999
0.009999
0.009999
0.009999
0.009999
0.009999
0.009999
0.009999
0.009999
0.009999
0.009999
0.009999
0.009999
0.009999
0.009999
0.009999
0.009999
0.009999
0.009999
0.009999
0.009999
0.009999
0.009999
0.009999
0.009999
0.009999
0.009999
0.009999
0.009999
0.009999
0.009999
0.009999
0.009999
0.009999
0.009999
0.009999
0.009999
0.009999
0.009999
0.009999
0.009999
0.009999
0.009999
0.009999
0.009999
0.009999
0.009999
0.009999
0.009999
0.009999
0.009999
0.009999
0.009999
0.009999
0.009999
0.009999
0.009999
0.009999
0.009999
0.009999
0.009999
0.009999
0.009999
0.009999
0.009999
0.009999
0.009999
0.009999
0.009999
0.009999
0.009999
0.009999
0.009999
0.009999
0.009999
0.009999
0.009999
0.009999
0.009999
0.009999
0.009999
0.009999
0.009999
0.009999
0.009999
0.009999
0.009999
0.009999
0.009999
0.009999
0.009999
0.009999
0.009999
0.009999
0.009999
0.009999
0.009999
0.009999
0.009999
0.009999
0.009999
0.009999
0.009999
0.009999
0.009999
0.009999
0.009999
0.009999
0.009999
0.009999
0.009999
0.009999
0.009999
0.009999
0.009999
0.009999
0.009999
0.009999
0.009999
0.009999
0.009999
0.009999
0.009999
0.009999
0.009999
0.009999
0.009999
0.009999
0.009999
0.009999
0.009999
0.009999
0.009999
0.009999
0.009999
0.009999
0.009999
0.009999
0.009999
0.009999
0.009999
0.009999
0.009999
0.009999
0.009999
0.009999
0.009999
0.009999
0.009999
0.009999
0.009999
0.009999
0.009999
0.009999
0.009999
0.009999
0.009999
0.009999
0.009999
0.009999
0.009999
0.009999
0.009999
0.009999
0.009999
0.009999
0.009999
0.009999
0.009999
0.009999
0.009999
0.009999
0.009999
0.009999
0.009999
0.009999
0.009999
0.009999
0.009999
0.009999
0.009999
0.009999
0.009999
0.009999
0.009999
0.009999
0.009999
0.009999
0.009999
0.009999
0.009999
0.009999
0.009999
0.009999
0.009999
0.009999
0.009999
0.009999
0.009999
0.009999
0.009999
0.009999
0.009999
0.009999
0.009999
0.009999
0.009999
0.009999
0.009999
0.009999
0.009999
0.009999
0.009999
0.009999
0.009999
0.009999
0.009999
0.009999
0.009999
0.009999
0.009999
0.009999
0.009999
0.009999
0.009999
0.009999
0.009999
0.009999
0.009999
0.009999
0.009999
0.009999
0.009999
0.009999
0.009999
0.009999
0.009999
0.009999
0.009999
0.009999
0.009999
0.009999
0.009999
0.009999
0.009999
0.009999
0.009999
0.009999
0.009999
0.009999
0.009999
0.009999
0.009999
0.009999
0.009999
0.009999
0.009999
0.009999
0.009999
0.009999
0.009999
0.009999
0.009999
0.009999
0.009999
0.009999
0.009999
0.009999
0.009999
0.009999
0.009999
0.009999
0.009999
0.009999
0.009999
0.009999
0.009999
0.009999
0.009999
0.009999
0.009999
0.009999
0.009999
0.009999
0.009999
0.009999
0.009999
0.009999
0.009999
0.009999
0.009999
0.009999
0.009999
0.009999
0.009999
0.009999
0.009999
0.009999
0.009999
0.009999
0.009999
0.009999
0.009999
0.009999
0.009999
0.009999
0.009999
0.009999
0.009999
0.009999
0.009999
0.009999
0.009999
0.009999
0.009999
0.009999
0.009999
0.009999
0.009999
0.009999
0.009999
0.009999
0.009999
0.009999
0.009999
0.009999
0.009999
0.009999
0.009999
0.009999
0.009999
0.009999
0.009999
0.009999
0.009999
0.009999
0.009999
0.009999
0.009999
0.009999
0.009999
0.009999
0.009999
0.009999
0.009999
0.009999
0.009999
0.009999
0.009999
0.009999
0.009999
0.009999
0.009999
0.009999
0.009999
0.009999
0.009999
0.009999
0.009999
0.009999
0.009999
0.009999
0.009999
0.009999
0.009999
0.009999
0.009999
0.009999
0.009999
0.009999
0.009999
0.009999
0.009999
0.009999
0.009999
0.009999
0.009999
0.009999
0.009999
0.009999
0.009999
0.009999
0.009999
0.009999
0.009999
0.009999
0.009999
0.009999
0.009999
0.009999
0.009999
0.009999
0.009999
0.009999
0.009999
0.009999
0.009999
0.009999
0.009999
0.009999
0.009999
0.009999
0.009999
0.009999
0.009999
0.009999
0.009999
0.009999
0.009999
0.009999
0.009999
0.009999
0.009999
0.009999
0.009999
0.009999
0.009999
0.009999
0.009999
0.009999
0.009999
0.009999
0.009999
0.009999
0.009999
0.009999
0.009999
0.009999
0.009999
0.009999
0.009999
0.009999
0.009999
0.009999
0.009999
0.009999
0.009999
0.009999
0.009999
0.009999
0.009999
0.009999
0.009999
0.009999
0.009999
0.009999
0.009999
0.009999
0.009999
0.009999
0.009999
0.009999
0.009999
0.009999
0.009999
0.009999
0.009999
0.009999
0.009999
0.009999
0.009999
0.009999
0.009999
0.009999
0.009999
0.009999
0.009999
0.009999
0.009999
0.009999
0.009999
0.009999
0.009999
0.009999
0.009999
0.009999
0.009999
0.009999
0.009999
0.009999
0.009999
0.009999
0.009999
0.009999
0.009999
0.009999
0.009999
0.009999
0.009999
0.009999
0.009999
0.009999
0.009999
0.009999
0.009999
0.009999
0.009999
0.009999
0.009999
0.009999
0.009999
0.009999
0.009999
0.009999
0.009999
0.009999
0.009999
0.009999
0.009999
0.009999
0.009999
0.009999
0.009999
0.009999
0.009999
0.009999
0.009999
0.009999
0.009999
0.009999
0.009999
0.009999
0.009999
0.009999
0.009999
0.009999
0.009999
0.009999
0.009999
0.009999
0.009999
0.009999
0.009999
0.009999
0.009999
0.009999
0.009999
0.009999
0.009999
0.009999
0.009999
0.009999
0.009999
0.009999
